0,2
0,5
0,23
0,24
0,25
0,32
0,34
0,40
0,41
0,50
0,53
0,54
0,60
0,69
0,70
0,74
0,79
0,82
0,86
0,87
0,88
0,89
0,91
0,100
0,115
0,119
0,121
0,152
0,155
0,159
0,163
0,173
0,177
0,185
0,238
0,240
0,262
0,346
0,372
0,376
0,396
0,399
0,402
0,463
0,472
0,476
0,514
0,525
0,546
0,548
0,576
0,586
0,597
0,613
0,631
0,648
0,652
0,668
0,672
0,676
0,680
0,707
0,723
0,728
0,762
0,765
0,785
0,797
0,807
0,811
0,814
0,822
0,824
0,829
0,836
0,852
0,879
0,884
0,891
0,898
0,915
0,941
0,947
0,950
0,955
0,959
0,963
0,971
0,974
0,975
0,998
0,1005
0,1016
0,1017
0,1030
0,1050
0,1067
0,1071
0,1091
0,1099
0,1101
0,1106
0,1109
0,1111
0,1141
0,1265
0,1280
0,1301
0,1304
0,1359
0,1378
0,1403
0,1526
0,1529
0,1536
0,1554
0,1559
0,1561
0,1563
0,1580
0,1582
0,1586
0,1587
0,1601
0,1613
0,1616
0,1646
0,1648
0,1668
0,1682
0,1686
0,1693
0,1710
0,1716
0,1722
0,1730
0,1739
0,1749
0,1750
0,1763
0,1783
0,1804
0,1834
0,1840
0,1841
0,1849
0,1853
0,1857
0,1859
0,1900
0,1904
0,1909
0,1911
0,1916
0,1935
0,1942
0,1950
0,1959
0,1960
0,2005
0,2051
0,2092
0,2141
0,2144
0,2156
0,2160
0,2171
0,2176
0,2182
0,2185
0,2191
0,2193
0,2194
0,2201
0,2207
0,2211
0,2214
0,2245
0,2251
0,2259
0,2261
0,2267
0,2269
0,2275
0,2278
0,2279
0,2285
0,2293
0,2319
0,2327
0,2346
0,2349
0,2363
0,2368
0,2381
0,2385
0,2386
0,2388
0,2395
0,2399
0,2403
0,2404
0,2626
0,2628
0,2657
0,2667
0,2689
0,2717
0,2722
0,2767
0,2772
0,2773
0,2774
0,2788
0,2808
0,2810
0,2819
0,2820
0,2832
0,2833
0,2834
0,2835
0,2837
0,2839
0,2850
0,2868
0,3154
0,3402
0,3418
0,3437
0,3659
0,3856
0,3862
0,3866
0,3886
0,3906
0,3908
0,3934
0,3949
0,3953
0,3984
0,3996
0,4014
0,4023
0,4025
0,4026
0,4028
0,4037
0,4060
0,4061
0,4085
0,4087
0,4115
0,4130
0,4133
0,4151
0,4187
0,4199
0,4212
0,4223
0,4264
0,4265
0,4266
0,4267
0,4278
0,4283
0,4292
0,4340
0,4351
0,4359
0,4404
0,4434
0,4435
0,4436
0,4437
0,4470
0,4486
0,4549
0,4555
0,4563
0,4582
0,4590
0,4595
0,4599
0,4645
0,4659
0,4664
0,4692
0,4701
0,4710
0,4718
0,4721
0,4742
0,4756
0,4757
0,4823
0,4825
0,4835
0,4841
0,4862
0,4868
0,4874
0,4906
0,4922
0,4946
0,4961
0,4963
0,4974
0,4975
0,4976
0,4980
0,4986
0,5035
0,5094
0,5098
0,5102
0,5103
0,5115
0,5147
0,5152
0,5173
0,5188
0,5226
0,5227
0,5228
0,5229
0,5231
0,5234
0,5236
0,5245
0,5250
0,5277
0,5577
0,5580
0,5590
0,5591
0,5597
0,5608
0,5649
0,5673
0,5677
0,5729
0,5745
0,5759
0,5769
0,5775
0,5784
0,5788
0,5803
0,5821
0,5826
0,5839
0,5846
0,5848
0,5853
1,1563
1,5109
2,71
2,119
3,4649
4,2733
5,682
6,192
7,62
7,1105
8,71
8,1312
9,71
9,390
9,4728
10,93
10,163
10,2267
11,71
11,390
11,4728
12,119
13,173
13,4728
14,71
14,761
14,2141
15,71
15,4728
16,163
16,1619
16,1622
16,2267
17,71
17,121
17,2680
17,4728
18,119
18,410
18,4650
19,71
19,390
20,546
20,4252
21,71
22,100
22,119
22,4649
23,613
23,3449
23,4650
24,173
24,514
24,613
24,828
25,955
25,4728
26,1559
27,821
27,892
28,71
28,119
28,234
28,235
28,1526
28,4728
29,121
30,119
30,390
31,119
32,71
32,173
33,4649
34,1317
34,2267
34,5784
35,173
36,119
36,797
36,5073
37,410
37,829
37,4649
38,3968
39,119
40,71
41,173
41,649
41,803
41,1187
41,1529
41,2191
42,730
42,1135
42,1458
43,57
43,648
44,1849
45,546
45,1580
46,173
46,648
47,173
47,240
47,1733
47,3986
47,4728
47,5119
48,2267
49,892
49,2267
51,2191
51,4099
52,71
52,372
52,648
53,180
53,892
53,2267
54,173
55,648
56,382
57,71
57,173
57,240
57,372
57,2640
57,2804
57,3944
57,4728
57,4940
57,4952
57,5054
57,5660
58,71
58,119
58,215
58,613
58,648
58,1332
58,1526
58,2352
59,71
59,91
59,581
59,1000
59,1552
60,173
60,174
60,233
60,240
60,514
60,546
61,71
61,173
62,113
62,119
62,124
62,648
62,829
62,1105
62,1572
62,2323
62,2373
62,2777
62,4912
63,941
64,100
64,121
64,4649
65,410
65,4649
66,2267
67,790
67,1395
67,1396
67,1397
67,1398
67,1399
67,1400
67,3415
67,3474
68,180
69,173
70,2191
71,76
71,83
71,84
71,92
71,94
71,99
71,119
71,121
71,128
71,143
71,163
71,167
71,171
71,180
71,215
71,228
71,230
71,234
71,244
71,263
71,359
71,374
71,410
71,430
71,549
71,558
71,566
71,591
71,666
71,669
71,678
71,779
71,822
71,829
71,870
71,874
71,901
71,970
71,984
71,1105
71,1312
71,1435
71,1522
71,1580
71,1589
71,1703
71,1709
71,1849
71,1887
71,2209
71,2225
71,2267
71,2382
71,2479
71,2527
71,3968
71,3986
71,4036
71,4099
71,4154
71,4162
71,4252
71,4359
71,4386
71,4649
71,4650
71,4728
71,4888
71,4989
71,5177
71,5394
71,5553
72,2267
73,233
73,980
73,1131
73,1135
73,1147
74,240
75,155
75,666
76,119
76,1526
76,4728
77,829
78,525
78,1173
79,115
79,119
79,173
79,180
79,240
79,255
79,346
79,379
79,437
79,510
79,534
79,551
79,613
79,648
79,811
79,829
79,879
79,962
79,966
79,1078
79,1348
79,1382
79,1672
79,1708
79,1775
79,1823
79,1844
79,1962
79,1966
79,2150
79,2191
79,2701
79,2771
79,2908
79,3011
79,3715
79,3854
79,3897
79,3899
79,3952
79,3991
79,4108
79,4110
79,4132
79,4303
79,4371
79,4572
79,4614
79,4620
79,4699
79,4709
79,4784
79,4802
79,4911
79,4949
79,4983
79,4988
79,5079
79,5091
79,5108
79,5194
79,5213
79,5252
79,5270
79,5672
79,5688
79,5752
79,5780
79,5799
79,5841
80,2267
81,119
83,91
84,119
84,237
84,372
84,430
84,578
84,4277
85,372
85,2191
87,173
87,1597
87,1791
87,1843
88,1201
88,2431
89,530
90,1312
91,92
91,102
91,115
91,119
91,173
91,240
91,331
91,343
91,359
91,372
91,396
91,406
91,613
91,643
91,648
91,663
91,797
91,829
91,830
91,959
91,977
91,1005
91,1018
91,1047
91,1090
91,1330
91,1525
91,1563
91,1577
91,1698
91,1710
91,1711
91,1783
91,1786
91,1801
91,1849
91,1938
91,1942
91,1954
91,1959
91,1961
91,2139
91,2149
91,2161
91,2162
91,2173
91,2175
91,2192
91,2197
91,2255
91,2283
91,2370
91,2401
91,2416
91,2430
91,2626
91,2678
91,2699
91,2701
91,2710
91,2775
91,2789
91,2793
91,2806
91,2866
91,3863
91,3876
91,3892
91,3923
91,3937
91,3947
91,3956
91,4003
91,4035
91,4103
91,4110
91,4131
91,4134
91,4158
91,4159
91,4269
91,4272
91,4292
91,4309
91,4312
91,4329
91,4345
91,4372
91,4380
91,4382
91,4413
91,4513
91,4518
91,4532
91,4556
91,4558
91,4566
91,4575
91,4578
91,4692
91,4711
91,4737
91,4785
91,4810
91,4927
91,4979
91,4980
91,4982
91,4995
91,5015
91,5023
91,5031
91,5052
91,5064
91,5085
91,5105
91,5117
91,5121
91,5122
91,5123
91,5148
91,5163
91,5198
91,5225
91,5227
91,5229
91,5230
91,5231
91,5232
91,5235
91,5236
91,5241
91,5258
91,5267
91,5281
91,5548
91,5600
91,5610
91,5614
91,5627
91,5634
91,5652
91,5653
91,5658
91,5659
91,5671
91,5677
91,5679
91,5691
91,5694
91,5700
91,5701
91,5707
91,5709
91,5724
91,5732
91,5736
91,5746
91,5764
91,5771
91,5811
91,5819
91,5820
91,5823
91,5831
91,5836
91,5889
92,1888
94,119
94,1304
95,180
96,1680
97,180
98,566
98,3021
99,2217
99,4728
100,119
100,372
100,613
100,824
100,1103
100,1104
100,1533
100,1546
100,1581
100,1886
100,2392
100,4048
101,235
102,103
102,119
102,613
102,648
102,811
102,829
102,1563
102,4728
103,240
104,147
105,2267
106,180
107,892
108,235
109,1783
110,121
111,153
111,1693
111,1887
111,1902
111,2277
112,180
113,823
113,829
113,964
113,1774
113,1881
113,2748
113,2852
113,4393
114,173
114,351
115,119
115,121
115,144
115,152
115,163
115,173
115,174
115,194
115,224
115,252
115,255
115,346
115,372
115,376
115,379
115,396
115,404
115,420
115,422
115,423
115,424
115,425
115,427
115,463
115,476
115,477
115,482
115,514
115,530
115,546
115,548
115,586
115,608
115,613
115,648
115,686
115,727
115,729
115,740
115,743
115,748
115,762
115,787
115,811
115,824
115,829
115,941
115,950
115,959
115,963
115,971
115,974
115,1005
115,1067
115,1097
115,1099
115,1102
115,1106
115,1348
115,1369
115,1378
115,1402
115,1412
115,1502
115,1563
115,1643
115,1668
115,1693
115,1853
115,2118
115,2267
115,2964
115,3302
115,3415
115,3506
115,3559
115,3610
115,5295
115,5392
115,5397
115,5425
116,121
116,215
117,119
118,119
119,121
119,127
119,128
119,143
119,152
119,155
119,163
119,167
119,171
119,173
119,215
119,240
119,253
119,346
119,372
119,376
119,396
119,398
119,406
119,410
119,463
119,514
119,521
119,546
119,548
119,577
119,586
119,613
119,648
119,650
119,669
119,678
119,707
119,738
119,761
119,762
119,775
119,787
119,789
119,790
119,791
119,792
119,793
119,811
119,817
119,824
119,829
119,830
119,867
119,884
119,911
119,912
119,941
119,955
119,959
119,963
119,971
119,974
119,987
119,998
119,1005
119,1067
119,1087
119,1097
119,1099
119,1101
119,1106
119,1288
119,1304
119,1376
119,1403
119,1426
119,1435
119,1526
119,1529
119,1563
119,1652
119,1653
119,1668
119,1693
119,1709
119,1737
119,1739
119,1794
119,1818
119,1822
119,1824
119,1825
119,1835
119,1849
119,1853
119,1887
119,1966
119,2005
119,2148
119,2191
119,2217
119,2267
119,2280
119,2381
119,2479
119,2527
119,2721
119,2740
119,2769
119,2875
119,4117
119,4162
119,4359
119,4427
119,4649
119,4650
119,4728
119,4839
119,5033
120,1783
121,163
121,173
121,240
121,246
121,249
121,346
121,377
121,396
121,406
121,407
121,514
121,613
121,648
121,829
121,1086
121,2191
121,4728
122,131
122,2267
123,410
123,4649
124,1105
125,2267
126,812
126,1887
127,278
128,613
128,1526
128,3415
128,3474
128,4728
129,180
130,135
131,180
132,180
133,180
134,180
135,180
136,180
137,180
138,180
139,655
140,180
141,180
142,180
143,193
143,404
143,758
143,829
143,1435
143,3402
143,3415
143,4728
144,379
144,2000
144,3034
144,3145
144,3238
144,3375
144,3558
144,5325
144,5432
144,5448
144,5487
145,180
145,2267
146,373
146,1438
147,153
147,197
147,199
147,1727
147,1826
147,1887
147,5159
147,5269
148,829
148,2267
149,173
150,173
150,1348
150,2008
150,3415
151,373
152,180
152,181
152,240
152,370
152,396
152,431
152,648
152,829
152,1624
152,2191
153,168
153,173
153,196
153,198
153,206
153,210
153,211
153,212
153,240
153,583
153,829
153,1558
153,1700
153,1849
153,1909
153,2241
153,2610
153,2644
153,2649
153,2880
153,3860
153,4198
153,4391
153,4392
153,4670
153,4695
153,4828
153,5066
153,5243
154,2267
155,173
155,613
155,666
155,829
155,2702
155,4273
155,4844
156,212
156,213
157,372
158,240
158,1781
159,180
160,180
161,180
162,173
162,892
163,240
163,346
163,396
163,648
163,829
163,1621
163,1632
163,1634
163,2191
163,2267
163,2874
163,4728
164,846
165,411
165,587
166,1141
167,613
167,648
167,4728
168,848
168,5583
169,648
170,173
170,267
170,341
170,346
170,349
171,1526
172,372
173,174
173,175
173,176
173,178
173,201
173,203
173,210
173,235
173,240
173,254
173,339
173,341
173,343
173,346
173,350
173,354
173,372
173,375
173,376
173,379
173,382
173,384
173,390
173,396
173,399
173,401
173,402
173,412
173,446
173,447
173,450
173,453
173,455
173,457
173,461
173,463
173,470
173,472
173,484
173,487
173,489
173,497
173,499
173,514
173,530
173,543
173,546
173,548
173,557
173,580
173,581
173,586
173,590
173,595
173,596
173,601
173,602
173,612
173,613
173,628
173,631
173,632
173,641
173,643
173,645
173,648
173,650
173,651
173,652
173,654
173,663
173,664
173,667
173,668
173,671
173,707
173,721
173,725
173,762
173,765
173,773
173,774
173,776
173,784
173,787
173,797
173,798
173,800
173,803
173,807
173,811
173,812
173,814
173,815
173,816
173,824
173,826
173,828
173,829
173,830
173,833
173,839
173,842
173,843
173,852
173,854
173,855
173,861
173,866
173,869
173,872
173,878
173,879
173,887
173,888
173,892
173,894
173,899
173,907
173,916
173,917
173,918
173,925
173,928
173,933
173,938
173,939
173,941
173,942
173,944
173,947
173,950
173,955
173,958
173,959
173,960
173,962
173,963
173,966
173,967
173,974
173,977
173,979
173,987
173,991
173,992
173,998
173,999
173,1002
173,1005
173,1008
173,1011
173,1012
173,1013
173,1017
173,1020
173,1026
173,1029
173,1030
173,1031
173,1039
173,1040
173,1041
173,1042
173,1043
173,1044
173,1046
173,1050
173,1051
173,1054
173,1056
173,1058
173,1059
173,1062
173,1063
173,1067
173,1068
173,1069
173,1070
173,1072
173,1073
173,1075
173,1079
173,1083
173,1084
173,1087
173,1089
173,1090
173,1094
173,1096
173,1097
173,1098
173,1099
173,1100
173,1106
173,1107
173,1108
173,1109
173,1110
173,1111
173,1112
173,1115
173,1117
173,1135
173,1141
173,1173
173,1191
173,1238
173,1239
173,1261
173,1265
173,1267
173,1268
173,1269
173,1270
173,1271
173,1272
173,1275
173,1279
173,1281
173,1282
173,1283
173,1286
173,1288
173,1289
173,1290
173,1294
173,1298
173,1301
173,1302
173,1304
173,1305
173,1306
173,1307
173,1310
173,1311
173,1312
173,1315
173,1316
173,1322
173,1324
173,1328
173,1329
173,1330
173,1331
173,1337
173,1339
173,1359
173,1379
173,1403
173,1419
173,1426
173,1448
173,1453
173,1459
173,1481
173,1491
173,1524
173,1525
173,1526
173,1527
173,1528
173,1529
173,1530
173,1536
173,1539
173,1540
173,1541
173,1553
173,1554
173,1561
173,1564
173,1567
173,1568
173,1569
173,1570
173,1571
173,1575
173,1576
173,1582
173,1587
173,1599
173,1600
173,1601
173,1603
173,1604
173,1609
173,1611
173,1612
173,1613
173,1615
173,1617
173,1625
173,1633
173,1640
173,1641
173,1642
173,1643
173,1647
173,1650
173,1651
173,1654
173,1658
173,1659
173,1661
173,1662
173,1668
173,1676
173,1677
173,1682
173,1685
173,1689
173,1690
173,1693
173,1695
173,1696
173,1698
173,1705
173,1706
173,1707
173,1710
173,1711
173,1715
173,1718
173,1719
173,1720
173,1721
173,1722
173,1723
173,1724
173,1725
173,1730
173,1731
173,1732
173,1734
173,1739
173,1741
173,1742
173,1745
173,1747
173,1749
173,1750
173,1752
173,1757
173,1761
173,1762
173,1763
173,1765
173,1766
173,1768
173,1773
173,1775
173,1776
173,1780
173,1781
173,1784
173,1788
173,1790
173,1793
173,1794
173,1798
173,1799
173,1802
173,1805
173,1806
173,1807
173,1808
173,1809
173,1810
173,1811
173,1812
173,1813
173,1817
173,1818
173,1822
173,1823
173,1824
173,1827
173,1832
173,1833
173,1838
173,1839
173,1840
173,1841
173,1844
173,1848
173,1849
173,1850
173,1852
173,1853
173,1854
173,1857
173,1858
173,1859
173,1863
173,1864
173,1865
173,1866
173,1867
173,1869
173,1871
173,1879
173,1881
173,1882
173,1884
173,1885
173,1891
173,1892
173,1895
173,1896
173,1897
173,1899
173,1904
173,1907
173,1908
173,1909
173,1910
173,1914
173,1916
173,1918
173,1919
173,1921
173,1925
173,1929
173,1930
173,1933
173,1935
173,1938
173,1939
173,1943
173,1944
173,1945
173,1947
173,1948
173,1949
173,1950
173,1951
173,1955
173,1956
173,1957
173,1959
173,1960
173,1961
173,1966
173,1971
173,2029
173,2041
173,2060
173,2089
173,2137
173,2138
173,2140
173,2144
173,2145
173,2147
173,2149
173,2151
173,2152
173,2155
173,2156
173,2160
173,2163
173,2164
173,2166
173,2168
173,2172
173,2174
173,2187
173,2188
173,2189
173,2191
173,2192
173,2195
173,2196
173,2198
173,2199
173,2203
173,2206
173,2207
173,2210
173,2216
173,2222
173,2224
173,2227
173,2228
173,2235
173,2236
173,2237
173,2238
173,2246
173,2254
173,2255
173,2256
173,2257
173,2259
173,2261
173,2263
173,2265
173,2271
173,2275
173,2276
173,2280
173,2285
173,2286
173,2287
173,2290
173,2294
173,2296
173,2297
173,2299
173,2305
173,2308
173,2310
173,2311
173,2313
173,2314
173,2319
173,2325
173,2327
173,2334
173,2336
173,2337
173,2343
173,2345
173,2346
173,2350
173,2354
173,2356
173,2357
173,2359
173,2360
173,2361
173,2363
173,2366
173,2367
173,2368
173,2373
173,2377
173,2380
173,2384
173,2385
173,2390
173,2395
173,2400
173,2402
173,2404
173,2406
173,2407
173,2412
173,2416
173,2424
173,2426
173,2431
173,2450
173,2461
173,2485
173,2532
173,2542
173,2545
173,2607
173,2609
173,2615
173,2616
173,2619
173,2621
173,2623
173,2625
173,2626
173,2632
173,2633
173,2635
173,2636
173,2637
173,2638
173,2641
173,2643
173,2646
173,2647
173,2651
173,2652
173,2654
173,2656
173,2662
173,2665
173,2672
173,2673
173,2675
173,2676
173,2678
173,2681
173,2683
173,2687
173,2689
173,2695
173,2699
173,2703
173,2704
173,2705
173,2706
173,2707
173,2709
173,2710
173,2713
173,2718
173,2720
173,2722
173,2723
173,2739
173,2743
173,2760
173,2763
173,2764
173,2767
173,2769
173,2770
173,2772
173,2776
173,2777
173,2778
173,2783
173,2784
173,2785
173,2787
173,2788
173,2793
173,2795
173,2796
173,2797
173,2798
173,2803
173,2807
173,2809
173,2811
173,2812
173,2813
173,2814
173,2816
173,2817
173,2818
173,2819
173,2823
173,2824
173,2825
173,2827
173,2837
173,2838
173,2839
173,2841
173,2842
173,2843
173,2844
173,2849
173,2850
173,2851
173,2855
173,2857
173,2862
173,2864
173,2865
173,2873
173,2875
173,2878
173,2881
173,2885
173,2901
173,2939
173,3123
173,3146
173,3154
173,3227
173,3245
173,3286
173,3287
173,3305
173,3329
173,3346
173,3385
173,3402
173,3451
173,3474
173,3517
173,3547
173,3570
173,3625
173,3658
173,3743
173,3786
173,3807
173,3845
173,3850
173,3851
173,3852
173,3861
173,3862
173,3867
173,3870
173,3875
173,3878
173,3880
173,3885
173,3886
173,3896
173,3897
173,3898
173,3899
173,3900
173,3902
173,3908
173,3910
173,3912
173,3913
173,3918
173,3919
173,3923
173,3929
173,3932
173,3935
173,3937
173,3939
173,3941
173,3942
173,3945
173,3946
173,3949
173,3951
173,3953
173,3956
173,3960
173,3962
173,3963
173,3964
173,3965
173,3968
173,3969
173,3971
173,3973
173,3974
173,3978
173,3983
173,3984
173,3991
173,3993
173,3996
173,4000
173,4001
173,4002
173,4004
173,4009
173,4013
173,4014
173,4015
173,4017
173,4018
173,4022
173,4023
173,4026
173,4028
173,4030
173,4032
173,4034
173,4035
173,4039
173,4040
173,4052
173,4053
173,4058
173,4059
173,4060
173,4061
173,4065
173,4066
173,4072
173,4073
173,4074
173,4075
173,4078
173,4080
173,4081
173,4083
173,4085
173,4088
173,4091
173,4092
173,4095
173,4096
173,4097
173,4099
173,4101
173,4104
173,4110
173,4111
173,4120
173,4128
173,4131
173,4138
173,4141
173,4144
173,4145
173,4148
173,4152
173,4153
173,4155
173,4159
173,4160
173,4167
173,4175
173,4176
173,4182
173,4183
173,4184
173,4185
173,4187
173,4192
173,4193
173,4194
173,4196
173,4199
173,4206
173,4210
173,4211
173,4212
173,4213
173,4214
173,4215
173,4216
173,4217
173,4218
173,4220
173,4222
173,4223
173,4225
173,4226
173,4229
173,4231
173,4233
173,4236
173,4238
173,4239
173,4242
173,4244
173,4250
173,4251
173,4254
173,4256
173,4261
173,4264
173,4265
173,4266
173,4267
173,4269
173,4270
173,4275
173,4276
173,4278
173,4280
173,4281
173,4282
173,4283
173,4286
173,4291
173,4299
173,4302
173,4306
173,4308
173,4309
173,4312
173,4314
173,4321
173,4323
173,4326
173,4328
173,4332
173,4334
173,4335
173,4336
173,4337
173,4338
173,4341
173,4347
173,4351
173,4352
173,4353
173,4356
173,4360
173,4361
173,4362
173,4372
173,4384
173,4388
173,4394
173,4396
173,4397
173,4400
173,4404
173,4409
173,4412
173,4413
173,4421
173,4424
173,4429
173,4433
173,4439
173,4440
173,4442
173,4443
173,4447
173,4448
173,4449
173,4450
173,4459
173,4460
173,4462
173,4471
173,4473
173,4474
173,4477
173,4481
173,4483
173,4489
173,4490
173,4491
173,4492
173,4493
173,4496
173,4498
173,4502
173,4503
173,4508
173,4509
173,4510
173,4513
173,4514
173,4515
173,4518
173,4519
173,4522
173,4526
173,4529
173,4538
173,4550
173,4551
173,4559
173,4560
173,4561
173,4566
173,4577
173,4578
173,4582
173,4594
173,4596
173,4597
173,4599
173,4600
173,4604
173,4606
173,4608
173,4609
173,4614
173,4615
173,4624
173,4627
173,4629
173,4633
173,4638
173,4639
173,4642
173,4643
173,4646
173,4648
173,4655
173,4659
173,4660
173,4661
173,4662
173,4664
173,4668
173,4671
173,4672
173,4675
173,4676
173,4681
173,4682
173,4683
173,4693
173,4694
173,4699
173,4700
173,4702
173,4705
173,4706
173,4710
173,4711
173,4719
173,4721
173,4722
173,4725
173,4729
173,4731
173,4732
173,4733
173,4738
173,4740
173,4744
173,4748
173,4755
173,4757
173,4758
173,4761
173,4765
173,4767
173,4768
173,4770
173,4771
173,4772
173,4773
173,4775
173,4778
173,4780
173,4781
173,4782
173,4785
173,4786
173,4787
173,4788
173,4789
173,4790
173,4792
173,4794
173,4795
173,4796
173,4797
173,4799
173,4800
173,4801
173,4802
173,4803
173,4806
173,4807
173,4808
173,4812
173,4813
173,4815
173,4816
173,4818
173,4820
173,4821
173,4823
173,4826
173,4829
173,4837
173,4846
173,4847
173,4848
173,4858
173,4870
173,4873
173,4874
173,4877
173,4878
173,4880
173,4882
173,4886
173,4889
173,4891
173,4892
173,4897
173,4898
173,4901
173,4902
173,4905
173,4906
173,4909
173,4914
173,4917
173,4918
173,4919
173,4922
173,4924
173,4925
173,4926
173,4929
173,4931
173,4932
173,4941
173,4948
173,4951
173,4954
173,4955
173,4959
173,4961
173,4962
173,4968
173,4970
173,4971
173,4973
173,4974
173,4975
173,4976
173,4983
173,4991
173,4992
173,4995
173,5002
173,5003
173,5004
173,5005
173,5010
173,5013
173,5014
173,5020
173,5021
173,5033
173,5034
173,5035
173,5036
173,5037
173,5043
173,5045
173,5050
173,5051
173,5056
173,5061
173,5068
173,5069
173,5074
173,5076
173,5078
173,5079
173,5086
173,5087
173,5089
173,5090
173,5091
173,5100
173,5108
173,5109
173,5113
173,5114
173,5115
173,5116
173,5117
173,5120
173,5126
173,5129
173,5131
173,5134
173,5135
173,5136
173,5137
173,5140
173,5141
173,5147
173,5149
173,5150
173,5152
173,5154
173,5156
173,5161
173,5162
173,5163
173,5173
173,5176
173,5181
173,5184
173,5194
173,5200
173,5202
173,5203
173,5205
173,5207
173,5211
173,5212
173,5219
173,5220
173,5221
173,5222
173,5223
173,5237
173,5239
173,5240
173,5242
173,5245
173,5251
173,5252
173,5255
173,5257
173,5260
173,5267
173,5273
173,5275
173,5278
173,5279
173,5286
173,5316
173,5438
173,5443
173,5547
173,5550
173,5551
173,5552
173,5553
173,5557
173,5561
173,5564
173,5579
173,5582
173,5586
173,5588
173,5589
173,5592
173,5594
173,5595
173,5596
173,5599
173,5607
173,5611
173,5618
173,5621
173,5623
173,5628
173,5635
173,5636
173,5640
173,5642
173,5643
173,5644
173,5645
173,5646
173,5647
173,5649
173,5650
173,5651
173,5657
173,5671
173,5672
173,5674
173,5681
173,5683
173,5684
173,5695
173,5697
173,5698
173,5700
173,5703
173,5710
173,5711
173,5712
173,5713
173,5718
173,5719
173,5720
173,5721
173,5724
173,5726
173,5727
173,5729
173,5730
173,5731
173,5734
173,5736
173,5738
173,5743
173,5744
173,5746
173,5747
173,5748
173,5749
173,5752
173,5753
173,5755
173,5760
173,5763
173,5765
173,5766
173,5767
173,5768
173,5776
173,5777
173,5782
173,5786
173,5787
173,5788
173,5789
173,5793
173,5798
173,5799
173,5809
173,5813
173,5816
173,5818
173,5828
173,5831
173,5834
173,5835
173,5837
173,5838
173,5839
173,5840
173,5844
173,5855
173,5857
173,5859
173,5862
173,5865
173,5866
173,5868
173,5869
173,5870
173,5878
173,5884
173,5889
173,5891
174,176
174,215
174,227
174,247
174,250
174,251
174,257
174,333
174,379
174,381
174,408
174,421
174,468
174,566
174,610
174,636
174,650
174,688
174,695
174,699
174,708
174,712
174,721
174,725
174,727
174,740
174,748
174,751
174,754
174,853
174,952
174,971
174,1329
174,1347
174,1348
174,1359
174,1369
174,1382
174,1389
174,1392
174,1404
174,1415
174,1423
174,1426
174,1428
174,1436
174,1449
174,1462
174,1487
174,1488
174,1499
174,1512
174,1644
174,1858
174,1934
174,1991
174,2017
174,2031
174,2057
174,2073
174,2093
174,2132
174,2801
174,2891
174,2910
174,2912
174,2925
174,2943
174,2950
174,2958
174,2966
174,2968
174,2970
174,2972
174,3035
174,3043
174,3047
174,3051
174,3067
174,3072
174,3108
174,3131
174,3171
174,3206
174,3212
174,3226
174,3249
174,3267
174,3271
174,3278
174,3284
174,3294
174,3325
174,3376
174,3383
174,3399
174,3402
174,3430
174,3450
174,3458
174,3470
174,3488
174,3492
174,3504
174,3544
174,3563
174,3601
174,3616
174,5316
174,5349
174,5392
174,5431
174,5439
174,5443
174,5468
174,5485
175,767
175,988
175,993
175,1124
175,1128
175,1130
175,1137
175,1187
175,2425
175,2480
175,2506
175,2514
175,2515
175,2554
175,2606
175,3625
175,3650
175,3689
175,3754
175,3778
175,3787
175,3842
175,3844
176,421
176,812
177,1781
178,240
178,372
178,613
178,828
178,1064
178,2291
178,2786
178,4385
178,4890
178,5639
179,194
179,751
179,1438
180,182
180,187
180,189
180,214
180,264
180,283
180,284
180,286
180,288
180,289
180,290
180,292
180,293
180,294
180,295
180,296
180,297
180,298
180,299
180,300
180,301
180,302
180,303
180,304
180,305
180,306
180,308
180,309
180,310
180,311
180,312
180,313
180,314
180,315
180,316
180,317
180,318
180,319
180,320
180,321
180,322
180,331
180,332
180,367
180,412
180,428
180,432
180,444
180,467
180,601
180,675
180,806
180,829
180,975
180,982
180,1068
180,1338
180,1340
180,1341
180,1343
180,1624
180,1625
180,1626
180,1628
180,1629
180,1630
180,1631
180,1635
182,291
182,1344
183,411
183,511
184,270
184,762
186,1438
188,2073
188,3415
188,3474
190,370
191,492
192,408
192,1348
192,1402
192,1849
192,3415
195,1526
196,4310
198,240
200,203
201,202
201,848
201,921
201,1772
201,1902
201,3625
201,4387
202,203
202,1772
202,4387
202,5622
203,204
203,812
203,848
203,868
203,1274
203,1556
203,1605
203,1700
203,1727
203,1772
203,1821
203,1826
203,2321
203,2376
203,2393
203,2413
203,2418
203,2649
203,2653
203,2755
203,3893
203,3931
203,4006
203,4105
203,4198
203,4235
203,4391
203,4392
203,4403
203,4414
203,4811
203,4944
203,5216
203,5243
203,5622
204,1887
205,583
207,510
208,210
208,1637
209,210
209,848
210,240
210,354
210,764
210,1692
210,1772
210,1887
210,1952
210,2688
210,3981
210,4528
211,2831
211,4530
213,1887
215,216
215,223
215,224
215,226
215,227
215,419
215,646
215,748
215,1378
215,1432
215,1709
215,1849
215,1887
215,2267
215,2527
215,3415
215,4162
215,4728
216,748
217,411
218,411
219,411
220,411
221,411
222,223
224,225
224,465
224,712
224,725
224,1368
224,1383
224,1507
224,2900
224,2905
224,2920
224,3102
224,3511
226,1378
227,725
227,748
228,2217
228,4728
229,411
230,1312
231,3415
231,3474
232,725
232,824
233,588
233,603
233,611
233,613
233,648
233,829
233,1133
233,1201
233,1203
233,1204
233,1206
233,1208
233,1214
233,1221
233,1238
233,1248
233,1263
233,1582
233,1849
233,1909
233,2173
233,2268
233,2432
233,2442
233,2447
233,2448
233,2485
233,2487
233,2496
233,2497
233,2508
233,2514
233,2522
233,2524
233,2526
233,2528
233,2544
233,2552
233,2553
233,2602
233,2603
233,2605
233,3618
233,3623
233,3633
233,3640
233,3647
233,3648
233,3653
233,3663
233,3665
233,3667
233,3714
233,3719
233,3732
233,3746
233,3748
233,3749
233,3760
233,3777
233,3789
233,3790
233,3804
233,3805
233,3812
233,3814
233,3829
233,3838
234,235
235,269
235,648
235,871
235,1116
235,1650
235,1690
235,2158
235,2236
235,2758
235,2769
235,2851
235,2854
235,3876
235,3904
235,4103
235,4186
235,4237
235,4281
235,4314
235,4375
235,4405
235,4411
235,4581
235,4607
235,4621
235,4825
235,5106
235,5178
235,5794
236,829
238,372
239,388
239,911
239,2536
239,2537
240,280
240,346
240,372
240,376
240,380
240,382
240,385
240,390
240,391
240,392
240,393
240,396
240,399
240,402
240,435
240,463
240,472
240,487
240,498
240,499
240,514
240,530
240,541
240,546
240,548
240,555
240,558
240,569
240,586
240,595
240,612
240,613
240,641
240,644
240,648
240,651
240,652
240,655
240,658
240,671
240,723
240,738
240,762
240,766
240,768
240,770
240,777
240,778
240,785
240,794
240,797
240,803
240,804
240,811
240,813
240,815
240,816
240,820
240,824
240,826
240,827
240,829
240,830
240,832
240,834
240,843
240,844
240,848
240,852
240,860
240,864
240,869
240,887
240,888
240,890
240,891
240,894
240,896
240,898
240,900
240,905
240,907
240,917
240,924
240,925
240,929
240,931
240,933
240,934
240,940
240,941
240,942
240,943
240,946
240,947
240,949
240,950
240,959
240,963
240,971
240,973
240,974
240,978
240,985
240,986
240,999
240,1005
240,1007
240,1008
240,1011
240,1013
240,1015
240,1018
240,1020
240,1030
240,1046
240,1048
240,1050
240,1053
240,1057
240,1069
240,1077
240,1087
240,1095
240,1097
240,1099
240,1101
240,1106
240,1110
240,1135
240,1141
240,1173
240,1191
240,1213
240,1219
240,1224
240,1250
240,1270
240,1271
240,1275
240,1288
240,1290
240,1300
240,1304
240,1309
240,1312
240,1314
240,1316
240,1331
240,1426
240,1435
240,1445
240,1526
240,1529
240,1531
240,1535
240,1536
240,1544
240,1545
240,1546
240,1547
240,1548
240,1557
240,1561
240,1563
240,1576
240,1587
240,1588
240,1606
240,1607
240,1612
240,1613
240,1614
240,1639
240,1640
240,1646
240,1648
240,1650
240,1654
240,1659
240,1668
240,1675
240,1676
240,1678
240,1681
240,1683
240,1688
240,1691
240,1693
240,1694
240,1698
240,1704
240,1705
240,1710
240,1712
240,1717
240,1719
240,1720
240,1721
240,1724
240,1728
240,1730
240,1731
240,1735
240,1736
240,1745
240,1746
240,1751
240,1753
240,1757
240,1758
240,1760
240,1761
240,1765
240,1770
240,1774
240,1775
240,1781
240,1784
240,1788
240,1793
240,1796
240,1799
240,1814
240,1819
240,1829
240,1830
240,1846
240,1848
240,1849
240,1850
240,1852
240,1853
240,1856
240,1857
240,1871
240,1872
240,1876
240,1882
240,1889
240,1892
240,1894
240,1909
240,1914
240,1924
240,1927
240,1935
240,1941
240,1950
240,2002
240,2035
240,2109
240,2139
240,2141
240,2143
240,2144
240,2149
240,2152
240,2153
240,2166
240,2170
240,2173
240,2174
240,2186
240,2190
240,2191
240,2192
240,2199
240,2201
240,2213
240,2216
240,2217
240,2219
240,2238
240,2242
240,2247
240,2250
240,2253
240,2254
240,2267
240,2272
240,2273
240,2275
240,2277
240,2280
240,2286
240,2287
240,2289
240,2295
240,2299
240,2300
240,2306
240,2308
240,2312
240,2316
240,2317
240,2318
240,2327
240,2329
240,2330
240,2331
240,2332
240,2333
240,2337
240,2359
240,2364
240,2365
240,2367
240,2388
240,2415
240,2420
240,2449
240,2459
240,2552
240,2618
240,2623
240,2625
240,2630
240,2637
240,2663
240,2667
240,2677
240,2678
240,2681
240,2683
240,2685
240,2695
240,2700
240,2716
240,2720
240,2723
240,2732
240,2743
240,2752
240,2759
240,2763
240,2766
240,2772
240,2776
240,2779
240,2782
240,2784
240,2785
240,2790
240,2803
240,2806
240,2807
240,2811
240,2826
240,2827
240,2828
240,2829
240,2830
240,2838
240,2839
240,2846
240,2847
240,2850
240,2860
240,2863
240,2868
240,2901
240,3018
240,3028
240,3132
240,3308
240,3416
240,3651
240,3669
240,3846
240,3854
240,3872
240,3878
240,3879
240,3885
240,3895
240,3920
240,3924
240,3925
240,3928
240,3929
240,3930
240,3936
240,3944
240,3947
240,3951
240,3954
240,3965
240,3967
240,3970
240,3974
240,3984
240,3994
240,3997
240,4002
240,4012
240,4013
240,4015
240,4020
240,4029
240,4040
240,4041
240,4053
240,4055
240,4056
240,4057
240,4074
240,4076
240,4077
240,4081
240,4088
240,4098
240,4134
240,4135
240,4141
240,4161
240,4168
240,4169
240,4170
240,4171
240,4172
240,4192
240,4194
240,4195
240,4200
240,4210
240,4211
240,4212
240,4213
240,4214
240,4215
240,4217
240,4218
240,4224
240,4228
240,4232
240,4233
240,4234
240,4238
240,4239
240,4250
240,4256
240,4264
240,4265
240,4266
240,4267
240,4275
240,4278
240,4281
240,4282
240,4288
240,4294
240,4295
240,4306
240,4309
240,4313
240,4323
240,4329
240,4330
240,4335
240,4336
240,4337
240,4345
240,4357
240,4360
240,4366
240,4372
240,4379
240,4383
240,4401
240,4402
240,4404
240,4406
240,4410
240,4412
240,4439
240,4452
240,4453
240,4454
240,4456
240,4461
240,4478
240,4479
240,4480
240,4492
240,4493
240,4497
240,4501
240,4502
240,4504
240,4510
240,4518
240,4536
240,4538
240,4542
240,4547
240,4567
240,4574
240,4575
240,4582
240,4584
240,4599
240,4603
240,4632
240,4633
240,4635
240,4639
240,4651
240,4661
240,4662
240,4668
240,4682
240,4697
240,4698
240,4707
240,4721
240,4722
240,4724
240,4727
240,4732
240,4748
240,4755
240,4759
240,4760
240,4770
240,4780
240,4782
240,4786
240,4788
240,4791
240,4800
240,4808
240,4819
240,4847
240,4861
240,4862
240,4878
240,4889
240,4902
240,4906
240,4910
240,4913
240,4919
240,4926
240,4930
240,4931
240,4943
240,4947
240,4953
240,4959
240,4962
240,4969
240,4974
240,4975
240,4976
240,4987
240,4995
240,4996
240,5002
240,5003
240,5048
240,5063
240,5065
240,5071
240,5073
240,5083
240,5089
240,5104
240,5106
240,5119
240,5131
240,5138
240,5140
240,5161
240,5165
240,5172
240,5173
240,5187
240,5192
240,5203
240,5211
240,5212
240,5213
240,5223
240,5265
240,5266
240,5277
240,5282
240,5284
240,5516
240,5573
240,5582
240,5584
240,5595
240,5597
240,5611
240,5612
240,5623
240,5628
240,5629
240,5631
240,5633
240,5641
240,5644
240,5652
240,5656
240,5657
240,5664
240,5667
240,5669
240,5683
240,5688
240,5711
240,5712
240,5714
240,5716
240,5719
240,5723
240,5728
240,5733
240,5737
240,5746
240,5753
240,5755
240,5765
240,5792
240,5801
240,5809
240,5814
240,5816
240,5829
240,5832
240,5837
240,5842
240,5843
240,5845
240,5854
240,5859
240,5861
240,5862
240,5865
240,5882
240,5883
241,829
241,1419
241,3115
241,3126
241,3165
241,3190
241,3568
242,2267
243,1462
244,829
245,829
247,379
247,396
247,413
247,415
247,480
247,566
247,634
247,1378
247,1422
247,1909
247,3368
247,5491
248,2267
249,1317
250,564
250,680
250,1361
250,2021
250,2023
250,2087
250,2964
250,2988
250,3088
250,3167
250,3196
250,3330
250,3396
250,3406
250,3494
250,3532
250,3539
250,3611
250,5303
250,5345
250,5400
250,5421
250,5427
251,420
251,1376
251,1444
251,1511
251,1965
251,2071
251,2080
251,2130
251,3025
251,3179
251,3272
251,3317
251,3355
251,3363
251,3364
251,3373
251,3382
251,3409
251,3419
251,3512
251,3518
251,3577
251,3586
251,3592
251,5287
251,5288
251,5289
251,5319
251,5330
251,5338
251,5352
251,5418
251,5422
251,5450
251,5502
251,5513
251,5514
251,5519
251,5524
251,5530
251,5535
251,5538
252,379
252,396
252,408
252,633
252,725
252,748
252,1378
252,1402
252,1440
252,1444
252,1965
252,2020
252,2058
252,2071
252,2974
252,3040
252,3046
252,3061
252,3101
252,3197
252,3278
252,3301
252,3316
252,3333
252,3565
252,3584
252,3613
252,4067
252,5304
252,5305
252,5307
252,5325
252,5333
252,5372
252,5388
252,5474
252,5476
252,5496
253,378
253,680
253,681
253,829
253,1443
253,2117
253,3019
253,3079
253,3124
253,3205
253,3292
253,3415
253,3434
253,3474
253,3481
253,5317
253,5334
254,959
254,1005
254,1673
254,1693
254,1849
254,1853
254,2148
254,2229
254,2721
255,408
255,420
255,1378
255,1402
255,1506
255,1519
255,1705
255,3011
255,3140
255,3397
255,3412
255,3526
255,5334
256,858
256,1881
257,379
257,402
257,408
257,478
257,566
257,609
257,725
257,726
257,731
257,732
257,1347
257,1348
257,1370
257,1378
257,1402
257,1441
257,1445
257,1501
257,2014
257,2062
257,2064
257,2515
257,2890
257,2921
257,2973
257,3029
257,3299
257,3422
257,3452
257,5312
258,492
259,708
260,492
261,361
261,5371
263,829
263,2217
263,4728
265,346
265,352
266,279
266,346
266,948
267,346
267,380
268,337
268,346
268,357
268,358
268,474
268,1117
268,4925
269,346
269,380
269,602
269,824
269,3962
269,4251
269,4855
270,346
270,356
270,602
270,916
270,2691
270,3886
270,4005
271,346
271,574
271,783
271,1017
271,1854
271,2336
271,4572
272,346
273,346
274,335
274,346
274,789
275,346
276,346
276,484
276,768
277,346
278,346
278,643
278,779
278,949
279,850
279,1339
279,1345
279,1843
279,2874
279,4750
281,1438
282,2191
285,2267
286,2267
287,2267
307,2267
314,2267
323,431
324,431
325,431
326,431
327,431
328,431
329,431
330,431
331,675
331,1623
333,566
333,615
333,616
333,617
333,618
333,619
333,620
333,621
333,622
333,623
333,624
333,1348
333,1497
334,2267
335,882
336,2191
338,346
339,346
340,344
340,349
341,346
341,351
341,4100
342,346
342,552
342,763
342,2071
342,4572
343,346
343,472
343,4045
344,346
344,2932
344,3304
345,346
346,347
346,349
346,351
346,353
346,355
346,372
346,376
346,396
346,463
346,472
346,546
346,548
346,586
346,648
346,762
346,787
346,811
346,829
346,950
346,959
346,963
346,971
346,974
346,1005
346,1067
346,1099
346,1106
346,1563
346,1668
346,1693
346,1853
346,1966
346,2721
347,552
348,349
349,2710
350,1849
350,3275
350,3366
350,3436
350,3517
350,5404
351,472
354,829
354,1526
354,2277
355,1599
356,885
358,4002
359,4728
360,492
361,492
361,503
361,504
361,505
361,506
361,1435
361,3415
362,492
363,492
364,492
365,492
366,492
367,1632
368,726
369,1438
371,373
372,396
372,401
372,458
372,490
372,514
372,556
372,586
372,598
372,613
372,648
372,766
372,841
372,872
372,904
372,1021
372,1022
372,1023
372,1024
372,1041
372,1042
372,1058
372,1059
372,1097
372,1273
372,1301
372,1312
372,1369
372,1378
372,1582
372,1662
372,1668
372,1693
372,1785
372,1871
372,1884
372,2191
372,2271
372,2285
372,2382
372,2563
372,2631
372,2686
372,2727
372,2744
372,2777
372,2816
372,2881
372,3620
372,3883
372,3884
372,3896
372,3962
372,3983
372,3996
372,4038
372,4089
372,4107
372,4122
372,4147
372,4243
372,4254
372,4306
372,4326
372,4350
372,4353
372,4364
372,4386
372,4397
372,4420
372,4447
372,4469
372,4470
372,4480
372,4521
372,4533
372,4546
372,4609
372,4610
372,4622
372,4666
372,4708
372,4747
372,4796
372,4806
372,4836
372,4843
372,4845
372,4923
372,4928
372,4929
372,5007
372,5010
372,5034
372,5053
372,5077
372,5082
372,5137
372,5188
372,5198
372,5215
372,5220
372,5589
372,5627
372,5637
372,5696
372,5797
372,5814
372,5817
372,5826
373,566
373,687
373,755
373,1438
373,5522
374,2191
376,496
376,514
376,542
376,613
376,648
376,829
376,2191
379,381
379,396
379,411
379,413
379,415
379,417
379,420
379,426
379,475
379,541
379,553
379,566
379,568
379,587
379,648
379,680
379,688
379,700
379,720
379,725
379,728
379,746
379,748
379,751
379,1024
379,1347
379,1357
379,1369
379,1372
379,1373
379,1374
379,1378
379,1385
379,1403
379,1428
379,1452
379,1458
379,1479
379,1486
379,1492
379,1500
379,1503
379,1511
379,1516
379,1517
379,1540
379,1853
379,1998
379,2024
379,2025
379,2029
379,2034
379,2040
379,2051
379,2069
379,2070
379,2083
379,2100
379,2105
379,2114
379,2124
379,2126
379,2135
379,2901
379,2909
379,2916
379,2928
379,2936
379,2948
379,2957
379,2976
379,2997
379,3029
379,3031
379,3046
379,3067
379,3070
379,3094
379,3096
379,3120
379,3128
379,3129
379,3271
379,3277
379,3313
379,3398
379,3402
379,3418
379,3464
379,3524
379,5340
379,5420
379,5484
379,5495
379,5520
379,5546
380,2191
381,566
381,701
381,1378
381,1438
381,1477
381,1487
381,1488
381,1973
381,2086
381,3005
382,1099
382,1292
383,2141
384,2191
385,829
385,1822
385,2872
386,411
386,425
387,675
387,811
387,981
388,2536
389,824
389,1654
389,2196
389,3865
389,4177
389,4355
389,5818
390,856
390,857
390,928
390,976
390,1114
390,1527
390,1578
390,1649
390,2348
390,2728
390,3849
390,3987
390,4254
390,4304
390,4420
390,4598
390,4723
390,5025
394,1636
395,648
395,878
396,413
396,414
396,415
396,459
396,485
396,514
396,546
396,548
396,634
396,751
396,829
396,846
396,1435
396,1563
396,2100
396,3786
397,1563
398,643
399,1909
400,1774
401,4728
402,648
402,728
402,829
402,1005
402,2191
402,3134
402,3346
402,3454
402,4203
402,4991
402,5195
403,566
403,694
404,468
404,572
404,2019
404,3051
404,3323
404,3531
404,3616
404,5363
405,858
408,460
408,541
408,557
408,587
408,614
408,631
408,707
408,721
408,738
408,744
408,756
408,1292
408,1329
408,1348
408,1357
408,1359
408,1376
408,1378
408,1402
408,1403
408,1429
408,1458
408,1463
408,1474
408,1503
408,1511
408,1540
408,1705
408,1909
408,2012
408,2029
408,2610
408,2801
408,2964
408,3261
408,3304
408,3391
408,3397
408,3460
408,3475
408,3499
408,3526
408,3529
408,3544
408,5499
408,5508
409,566
409,1849
410,613
410,963
410,1532
410,1589
410,1663
410,1703
410,4557
411,462
411,2009
411,3032
411,3225
411,3242
411,3415
413,566
415,416
415,417
415,566
417,566
418,566
418,2973
418,2985
418,3111
418,3201
418,3380
418,3446
419,748
420,650
420,725
420,738
420,1458
421,748
421,952
421,1432
421,2088
421,2805
421,2920
421,3188
421,3417
421,3476
421,3511
421,3567
422,2915
422,3579
423,3595
424,5308
425,3037
425,3151
425,3447
425,3484
425,5380
426,567
427,3524
429,829
431,448
431,575
431,600
431,1342
431,1618
431,1934
433,829
433,3936
433,4126
433,4245
433,4399
434,568
435,998
436,702
436,1439
436,3183
436,3415
436,3474
437,824
438,492
439,492
440,492
441,492
442,492
443,454
443,545
443,685
443,735
443,757
443,2001
443,3118
443,3415
443,3474
445,2141
446,829
446,2191
447,1563
447,1745
447,2204
447,4046
449,1304
451,2964
452,1135
454,753
454,1974
455,1737
455,1781
456,645
456,4754
458,1693
459,973
459,2725
459,4009
461,1288
461,1781
463,514
463,556
463,613
463,648
463,665
463,829
463,912
463,1052
463,1656
463,1797
463,1824
463,1849
463,1862
463,1903
463,1939
463,1966
463,2148
463,2191
463,2192
463,2205
463,2293
463,2408
463,2617
463,2637
463,2859
463,3859
463,3861
463,3890
463,3947
463,3976
463,4153
463,4488
463,4771
463,4777
464,1229
464,1582
464,1849
466,1781
466,4240
468,543
469,471
469,2705
470,2834
471,2705
471,5676
472,613
472,2191
473,492
474,3415
475,1360
476,829
476,853
476,1348
476,1378
476,1402
476,2079
476,3483
476,5364
476,5384
477,686
478,736
478,1355
478,1425
478,1460
478,1472
478,1476
478,2924
478,3000
478,3074
478,3078
478,3100
478,3112
478,3230
478,3288
478,3338
478,3467
478,3514
478,5369
479,724
479,2901
479,3043
481,707
483,721
484,586
486,585
486,626
487,3873
488,1772
488,1821
491,1435
492,493
492,494
492,495
492,507
492,508
497,829
498,4009
499,4365
499,5157
499,5162
499,5693
500,1438
501,669
501,673
501,1526
501,2209
502,2191
509,650
510,1605
510,2413
510,2771
510,3860
510,3893
510,3931
510,4554
510,4828
510,4872
512,513
512,592
512,648
512,4575
512,4822
513,4575
514,515
514,516
514,524
514,527
514,528
514,529
514,530
514,531
514,532
514,534
514,539
514,540
514,546
514,548
514,551
514,588
514,613
514,646
514,648
514,649
514,707
514,738
514,762
514,824
514,829
514,830
514,941
514,955
514,959
514,963
514,971
514,974
514,998
514,1003
514,1067
514,1074
514,1087
514,1091
514,1106
514,1156
514,1157
514,1159
514,1160
514,1161
514,1162
514,1163
514,1168
514,1169
514,1170
514,1171
514,1177
514,1178
514,1179
514,1185
514,1187
514,1192
514,1194
514,1198
514,1229
514,1232
514,1301
514,1403
514,1540
514,1563
514,1643
514,1673
514,1818
514,1853
514,1909
514,2148
514,2381
514,2452
514,2453
514,2462
514,2463
514,2465
514,2466
514,2473
514,2569
514,2572
514,2574
514,2575
514,2576
514,2577
514,2578
514,2581
514,2582
514,2584
514,2588
514,2664
514,2740
514,3687
514,3688
514,4623
515,646
516,517
516,518
516,522
516,523
516,525
516,527
516,530
516,533
516,646
516,1074
516,1188
516,1197
516,2565
517,646
518,646
519,646
519,1194
520,646
520,1197
520,2453
521,646
521,802
521,1371
522,536
522,646
523,646
524,1173
524,1191
524,2454
524,2461
524,3684
524,5278
526,1194
526,2463
527,530
527,535
527,646
527,810
527,818
527,1196
527,2565
527,2566
527,2571
527,3682
528,530
528,1165
528,1173
528,1180
528,1183
528,2461
528,2467
528,2575
528,2802
528,4147
530,531
530,532
530,534
530,537
530,539
530,540
530,613
530,648
530,649
530,829
530,1074
530,1157
530,1158
530,1160
530,1162
530,1166
530,1172
530,1177
530,1178
530,1179
530,1187
530,1194
530,1198
530,1215
530,1216
530,1219
530,1232
530,1849
530,1958
530,1966
530,2127
530,2338
530,2436
530,2452
530,2453
530,2463
530,2466
530,2471
530,2552
530,2571
530,2580
530,2581
530,3027
530,3404
530,3774
530,3909
531,1169
531,1173
531,2452
531,2461
532,3691
533,646
534,1158
534,1172
534,1182
534,1187
534,1193
534,2467
534,2469
534,2566
534,2569
534,2570
534,2574
534,2587
534,3679
534,3680
534,3683
534,3693
537,551
538,2453
540,1229
541,963
541,1378
541,1381
541,1388
541,1402
541,1469
541,1853
543,824
544,1375
546,613
546,631
546,632
546,640
546,648
546,674
546,819
546,829
546,880
546,881
546,916
546,965
546,975
546,1004
546,1039
546,1050
546,1265
546,1276
546,1285
546,1286
546,1311
546,1530
546,1587
546,1613
546,1615
546,1638
546,1639
546,1659
546,1666
546,1676
546,1677
546,1698
546,1718
546,1719
546,1763
546,1776
546,1840
546,1847
546,1849
546,1858
546,1863
546,1932
546,1935
546,1936
546,1954
546,1966
546,2034
546,2151
546,2163
546,2166
546,2171
546,2191
546,2199
546,2230
546,2237
546,2238
546,2247
546,2254
546,2263
546,2295
546,2329
546,2330
546,2331
546,2332
546,2333
546,2334
546,2340
546,2350
546,2364
546,2367
546,2397
546,2403
546,2406
546,2610
546,2619
546,2626
546,2634
546,2637
546,2658
546,2670
546,2674
546,2675
546,2687
546,2696
546,2712
546,2738
546,2746
546,2770
546,2811
546,2815
546,2825
546,2857
546,2873
546,2879
546,2882
546,2883
546,3062
546,3469
546,3906
546,3919
546,3925
546,3930
546,3942
546,3971
546,4008
546,4011
546,4013
546,4014
546,4032
546,4034
546,4073
546,4090
546,4097
546,4114
546,4125
546,4143
546,4145
546,4148
546,4161
546,4165
546,4173
546,4176
546,4189
546,4196
546,4210
546,4211
546,4212
546,4213
546,4214
546,4215
546,4216
546,4217
546,4218
546,4250
546,4262
546,4280
546,4289
546,4300
546,4302
546,4316
546,4323
546,4325
546,4327
546,4343
546,4363
546,4371
546,4400
546,4404
546,4415
546,4424
546,4441
546,4454
546,4459
546,4460
546,4465
546,4476
546,4484
546,4489
546,4490
546,4494
546,4499
546,4502
546,4503
546,4505
546,4511
546,4517
546,4522
546,4560
546,4566
546,4574
546,4582
546,4592
546,4595
546,4602
546,4605
546,4630
546,4631
546,4640
546,4642
546,4674
546,4683
546,4684
546,4696
546,4700
546,4703
546,4713
546,4729
546,4730
546,4751
546,4753
546,4754
546,4755
546,4761
546,4764
546,4767
546,4787
546,4865
546,4875
546,4883
546,4896
546,4904
546,4913
546,4947
546,4955
546,4972
546,4992
546,4994
546,5006
546,5010
546,5020
546,5052
546,5059
546,5076
546,5101
546,5109
546,5126
546,5130
546,5135
546,5142
546,5161
546,5185
546,5205
546,5211
546,5255
546,5256
546,5561
546,5566
546,5568
546,5571
546,5596
546,5603
546,5648
546,5685
546,5768
546,5787
546,5803
546,5804
546,5805
546,5827
546,5866
546,5891
547,858
547,1881
548,613
548,648
548,829
548,1474
548,1708
548,1929
548,1966
548,2177
548,2191
548,3933
548,4092
548,4112
548,4151
548,4173
548,4241
548,4244
548,4377
548,4478
548,4531
548,4606
548,4613
548,4842
548,4994
548,5244
548,5272
548,5594
548,5727
548,5795
550,794
550,817
550,4398
551,980
553,829
554,998
554,2191
555,851
555,922
555,1152
555,2535
555,2538
555,3627
555,3629
555,3660
555,3661
555,3662
555,3739
555,3741
555,3745
555,3765
555,3820
555,3823
555,3836
556,648
556,963
556,4277
556,4916
556,5247
556,5599
558,781
558,2191
559,639
559,683
559,684
559,829
559,1451
559,1978
559,2990
559,3000
559,3023
559,3044
559,3204
559,3288
560,751
561,639
562,1347
562,2031
562,2250
562,2886
562,2897
562,3180
562,5452
563,1970
565,3415
565,3474
566,706
566,1347
566,1348
566,1849
566,2901
566,3229
566,3415
566,4728
568,3596
569,1849
569,2041
570,1499
571,1378
571,3402
571,3415
571,3474
573,1347
573,4362
576,3986
577,591
577,648
579,3505
580,2269
581,1592
582,583
583,584
583,1855
585,1446
585,1472
585,3292
586,587
586,588
586,589
586,613
586,648
586,660
586,661
586,829
586,1543
586,1544
586,1545
586,1546
586,1547
586,1548
586,1549
586,1550
586,1551
586,1849
586,2191
586,2328
586,4159
586,4187
586,4226
586,5697
586,5734
586,5896
587,645
587,725
587,748
587,752
587,1100
587,1386
587,1393
587,1402
587,2008
587,2021
587,2050
587,2905
587,3143
587,3191
587,3222
587,3306
587,3394
587,3497
587,5296
587,5430
587,5507
588,1150
588,1156
588,3803
590,1215
591,648
591,1672
592,4575
593,1135
593,3751
593,3809
594,829
595,653
595,2875
599,1621
602,762
602,1698
603,788
603,1203
603,1253
603,1256
603,1257
603,1261
603,2431
603,2444
603,2447
603,2448
603,2483
603,2486
603,2507
603,2511
603,2512
603,2517
603,2520
603,2521
603,2528
603,2541
603,2543
603,2555
603,2560
603,2592
603,2594
603,2595
603,3619
603,3621
603,3624
603,3636
603,3638
603,3645
603,3646
603,3653
603,3654
603,3663
603,3667
603,3701
603,3713
603,3747
603,3756
603,3773
603,3829
604,683
604,3000
604,3199
605,868
605,1700
605,1727
605,1901
605,2191
605,2414
605,2610
605,2755
605,2867
605,4528
605,4530
605,4717
605,4840
605,4872
605,4944
605,5111
605,5253
605,5269
605,5638
605,5740
606,1135
607,756
609,2133
609,3121
609,3247
609,5306
609,5482
610,2962
610,2991
610,3097
610,3177
610,3579
611,1201
613,648
613,650
613,659
613,725
613,738
613,762
613,787
613,811
613,824
613,828
613,829
613,830
613,884
613,911
613,912
613,938
613,941
613,950
613,955
613,959
613,963
613,971
613,974
613,998
613,1005
613,1043
613,1067
613,1087
613,1091
613,1097
613,1099
613,1101
613,1104
613,1106
613,1135
613,1173
613,1226
613,1264
613,1301
613,1304
613,1331
613,1359
613,1376
613,1378
613,1403
613,1426
613,1435
613,1526
613,1529
613,1540
613,1542
613,1561
613,1563
613,1570
613,1581
613,1582
613,1599
613,1643
613,1652
613,1654
613,1668
613,1673
613,1693
613,1709
613,1730
613,1737
613,1739
613,1780
613,1794
613,1797
613,1822
613,1824
613,1834
613,1835
613,1849
613,1853
613,1857
613,1862
613,1917
613,1966
613,2005
613,2029
613,2061
613,2132
613,2140
613,2148
613,2173
613,2184
613,2187
613,2191
613,2267
613,2280
613,2392
613,2715
613,2721
613,2740
613,2775
613,2875
613,3847
613,4012
613,4067
613,4549
613,4623
625,3299
626,713
626,1472
626,5394
627,3415
627,3474
628,1438
628,1477
629,683
629,971
629,1849
629,1968
629,2101
629,2990
629,3033
629,3042
629,3071
629,3109
629,3175
629,3187
629,3281
629,3379
629,3605
629,5435
629,5458
629,5540
630,1369
631,829
631,1087
631,1292
631,1348
631,1369
631,1378
631,1402
631,1519
631,1575
631,1909
631,1963
631,2112
631,2113
631,2801
631,2930
631,3068
631,3170
631,3186
631,3192
631,3203
631,3233
631,3240
631,3261
631,3280
631,3506
631,3529
632,1439
632,3217
632,3339
632,3549
632,5465
634,1378
634,1402
635,726
636,2269
636,3238
636,3431
636,3591
636,5419
636,5450
637,971
637,1348
637,1405
637,2027
637,2904
637,3248
638,1472
639,5394
641,829
641,1529
641,1933
641,4117
641,4524
642,1563
642,4728
643,3917
643,4458
643,4624
644,4728
645,648
645,893
645,995
645,1573
645,1575
645,1655
645,1697
645,1701
645,1849
645,1909
645,2387
645,2421
645,3894
645,3926
645,3975
645,3995
645,4191
645,4274
645,4754
645,4809
645,4966
646,935
646,1197
646,1849
646,3415
646,4728
647,829
648,650
648,659
648,670
648,705
648,707
648,738
648,762
648,776
648,787
648,811
648,824
648,828
648,829
648,830
648,838
648,878
648,884
648,886
648,909
648,911
648,919
648,927
648,936
648,950
648,955
648,956
648,959
648,963
648,966
648,971
648,974
648,985
648,986
648,987
648,998
648,1005
648,1010
648,1018
648,1039
648,1050
648,1067
648,1083
648,1087
648,1091
648,1097
648,1099
648,1106
648,1116
648,1173
648,1266
648,1288
648,1301
648,1325
648,1329
648,1359
648,1376
648,1378
648,1403
648,1426
648,1520
648,1529
648,1540
648,1563
648,1617
648,1643
648,1652
648,1665
648,1668
648,1673
648,1693
648,1695
648,1731
648,1737
648,1739
648,1767
648,1771
648,1773
648,1779
648,1780
648,1789
648,1794
648,1818
648,1822
648,1835
648,1849
648,1853
648,1857
648,1868
648,1875
648,1895
648,1912
648,1923
648,1947
648,2005
648,2029
648,2148
648,2150
648,2152
648,2162
648,2174
648,2186
648,2191
648,2192
648,2222
648,2226
648,2239
648,2267
648,2280
648,2304
648,2381
648,2430
648,2461
648,2514
648,2519
648,2639
648,2640
648,2651
648,2660
648,2684
648,2721
648,2727
648,2740
648,2744
648,2752
648,2780
648,2782
648,2803
648,2850
648,2866
648,3658
648,3706
648,3869
648,3871
648,3910
648,3913
648,3967
648,3984
648,3988
648,3993
648,4051
648,4057
648,4067
648,4104
648,4125
648,4136
648,4139
648,4161
648,4177
648,4221
648,4246
648,4291
648,4311
648,4342
648,4364
648,4379
648,4385
648,4396
648,4406
648,4408
648,4431
648,4448
648,4477
648,4484
648,4509
648,4547
648,4559
648,4565
648,4579
648,4605
648,4622
648,4623
648,4651
648,4663
648,4675
648,4676
648,4684
648,4696
648,4708
648,4713
648,4743
648,4748
648,4758
648,4786
648,4810
648,4818
648,4880
648,4913
648,4923
648,4940
648,4951
648,4957
648,4960
648,4990
648,5000
648,5014
648,5025
648,5052
648,5054
648,5061
648,5094
648,5128
648,5149
648,5151
648,5153
648,5167
648,5179
648,5183
648,5184
648,5215
648,5224
648,5258
648,5271
648,5279
648,5559
648,5566
648,5577
648,5587
648,5650
648,5660
648,5702
648,5739
648,5743
648,5748
648,5754
648,5767
648,5789
648,5804
648,5835
648,5841
648,5848
648,5860
649,1161
649,1182
649,1195
649,1199
649,1582
649,2456
649,2459
649,2464
649,2573
649,2574
649,3693
650,1378
650,1394
650,1402
650,1435
650,2949
650,3016
650,3105
650,3283
650,3369
650,3381
650,3536
650,3574
650,3590
650,5308
650,5488
651,829
651,2191
652,3930
652,3972
654,1857
654,4688
656,829
657,1472
657,1475
657,1993
657,5394
658,1857
659,1288
659,1853
659,1966
662,829
666,4367
666,4728
669,678
671,2855
671,4009
671,5261
676,829
676,2191
677,824
677,829
677,4688
679,4362
680,681
680,2080
680,2130
680,2964
682,971
682,1377
682,1435
682,1979
682,2038
682,2805
682,2935
682,2977
682,3017
682,3047
682,3105
682,3156
682,3231
682,3264
682,3321
682,3347
682,3369
682,3381
682,3427
682,3536
682,3612
682,5297
682,5348
682,5368
682,5381
682,5461
682,5510
683,1402
683,1458
683,1464
683,1849
683,2074
683,3000
683,3002
683,3023
683,3112
683,3158
683,3175
683,3257
683,3393
683,3495
683,3542
683,5370
683,5467
683,5472
686,1348
686,3099
686,5336
688,1348
688,1970
689,1399
690,3324
690,4362
691,3139
692,2027
693,704
693,829
695,2907
696,3217
696,3339
696,3549
696,5475
697,1481
698,3260
698,4362
699,1378
700,3070
701,1455
701,1849
701,3266
703,705
704,3139
705,737
705,1489
705,1490
705,2116
705,2884
705,2937
705,3314
705,3358
705,5389
705,5393
705,5477
707,748
707,829
707,1354
707,1361
707,1378
707,1402
707,1494
707,1972
707,2191
707,3025
707,3125
707,3145
707,3147
707,3152
707,3170
707,3179
707,3181
707,3211
707,3298
707,3301
707,3317
707,3336
707,3363
707,3414
707,3419
707,3452
707,3472
707,3518
707,3540
707,3583
707,5287
707,5302
707,5386
707,5387
707,5390
707,5408
707,5422
707,5424
707,5502
707,5514
707,5535
708,952
708,1394
708,1714
708,3016
708,3231
708,3264
708,3307
708,3321
708,3345
708,3347
708,3440
708,3457
708,3468
708,3493
708,3590
708,3612
708,4197
708,5348
708,5368
708,5371
708,5379
708,5381
708,5461
708,5466
708,5488
708,5493
708,5521
708,5527
708,5534
709,2066
710,1347
710,3000
710,3243
710,3615
710,5539
710,5542
710,5544
711,760
711,1348
711,4362
711,5417
712,748
712,3417
713,750
713,755
713,759
713,1414
713,1425
713,1471
713,1475
713,2095
713,2102
713,3400
714,1375
714,2109
715,1970
715,2961
715,3290
715,3335
715,3455
715,3560
715,5433
715,5498
716,723
716,3129
717,760
717,2129
718,1438
719,2075
720,4584
721,1378
721,1402
722,3214
723,748
723,829
723,1378
723,1402
723,1462
723,1514
723,2085
723,3212
723,3375
723,3462
723,3580
723,5420
723,5434
723,5478
724,3043
725,728
725,729
725,730
725,745
725,746
725,748
725,760
725,971
725,1329
725,1348
725,1372
725,1381
725,1387
725,1406
725,1452
725,1462
725,1492
725,1510
725,1513
725,1767
725,1967
725,1997
725,2026
725,2034
725,2041
725,2043
725,2049
725,2051
725,2066
725,2082
725,2083
725,2088
725,2092
725,2191
725,2888
725,2927
725,2938
725,2987
725,3031
725,3046
725,3120
725,3215
725,3228
725,3269
725,3274
725,3280
725,3333
725,3415
725,3418
725,3473
725,3525
725,3541
725,5293
725,5326
725,5339
725,5374
725,5392
725,5414
725,5417
726,1473
726,2805
727,1364
727,1365
727,1423
727,1434
727,1498
727,2912
727,2942
727,3072
727,3167
727,3219
727,3263
727,3359
727,3360
727,3396
727,3418
727,3444
727,5309
727,5407
727,5421
727,5427
727,5449
727,5456
728,1348
728,1354
728,1512
728,1909
728,2036
728,2049
728,2919
728,2922
728,2953
728,2967
728,3021
728,3054
728,3070
728,3098
728,3218
728,3222
728,3249
728,3267
728,3273
728,3323
728,3349
728,3486
728,3498
728,3500
728,3522
728,3534
728,3543
728,5301
728,5321
728,5349
728,5363
728,5446
728,5453
729,1404
729,1991
729,2893
729,2946
729,2963
729,3097
729,3459
729,3490
729,3579
729,5366
730,1491
730,1979
730,2070
730,2134
730,2970
730,3130
730,3310
730,3440
730,3557
731,1509
731,1999
731,3386
732,5401
733,3187
734,2269
734,3359
734,5395
734,5437
734,5444
734,5529
736,1472
736,2111
736,2119
736,2960
736,3000
736,3022
736,3055
736,3289
738,971
738,1348
738,1402
738,1417
738,1966
738,1994
738,2076
738,2191
738,2805
738,2969
738,3076
738,3174
738,3205
738,3365
738,3508
738,3509
738,3546
738,3553
738,3586
738,3604
738,5288
738,5305
738,5489
738,5692
739,1375
740,760
740,1348
741,1472
742,1379
743,2955
744,1348
744,1402
744,1494
744,2005
744,2952
744,3049
744,3147
744,3354
744,3395
744,3421
744,3422
744,3598
744,5359
744,5459
745,2089
745,3556
746,3418
747,1455
748,1348
748,1359
748,1368
748,1369
748,1378
748,1381
748,1382
748,1403
748,1426
748,1435
748,1482
748,1488
748,1507
748,2015
748,2029
748,2051
748,2071
748,2083
748,2135
748,2269
748,2900
748,2901
748,2905
748,2909
748,2931
748,3102
748,3166
748,3182
748,3213
748,3274
748,3348
748,3368
748,3402
748,3417
748,3432
748,3476
748,3506
748,3563
748,3600
748,5367
749,2008
749,2017
750,1472
751,1348
752,2115
752,3436
752,3548
753,973
753,1417
753,1983
753,2060
753,3138
754,3011
754,3215
756,1348
756,1402
756,1496
756,1767
756,3350
756,3408
756,3527
760,1376
760,1909
760,2073
760,2906
760,2923
760,3480
760,3502
760,3520
760,3541
760,3578
760,3599
760,5311
760,5362
761,2141
762,829
762,879
762,1309
762,1491
762,1525
762,1570
762,1590
762,1613
762,1641
762,1652
762,1764
762,1835
762,1874
762,1890
762,1893
762,2140
762,2147
762,2167
762,2191
762,2251
762,2283
762,2419
762,2635
762,2768
762,2777
762,2794
762,2821
762,2876
762,2909
762,2916
762,3506
762,3950
762,3965
762,3984
762,4152
762,4348
762,4462
762,4492
762,4564
762,4593
762,4621
762,4907
762,5041
762,5132
762,5233
762,5248
762,5271
762,5596
762,5616
762,5735
762,5759
762,5769
765,1523
767,863
769,1526
769,1563
771,811
771,829
771,4400
772,773
772,5892
772,5894
774,829
776,990
776,1042
776,1293
776,1567
776,1646
776,1664
776,1712
776,1815
776,1966
776,2169
776,2182
776,2231
776,2347
776,2673
776,2693
776,4221
776,4228
776,4263
776,4917
776,4933
776,4967
776,4980
776,5070
776,5160
776,5242
776,5781
777,1563
778,811
779,949
780,1472
780,3139
782,829
782,4571
784,1654
785,829
785,1961
785,3880
785,4422
785,4562
785,4702
785,5107
786,829
787,829
787,945
787,1046
787,4558
788,2482
792,1196
792,2074
794,817
794,2284
794,4097
794,5793
795,2191
796,1025
797,3986
799,2168
799,3986
800,1881
801,829
803,1210
803,1235
803,1236
803,1853
803,2191
803,2438
803,2439
803,2474
803,2476
803,2477
803,2481
803,3637
803,3652
803,3707
803,3708
803,3737
804,824
804,1563
804,1800
804,1873
804,2252
804,2326
804,5874
805,1813
805,2797
805,2798
805,3986
807,808
807,3986
809,1881
809,2860
811,829
811,955
811,1004
811,1135
811,1288
811,1478
811,1523
811,1526
811,1652
811,1739
811,1766
811,1849
811,1853
811,1966
811,2104
811,2383
811,2519
811,2742
811,2754
811,2875
811,3861
811,4427
811,4635
811,4741
812,1826
812,2867
812,3858
812,3905
812,4554
812,4885
812,5622
815,829
815,2191
816,4607
818,2565
820,1529
821,2267
824,829
824,947
824,954
824,1045
824,1080
824,1118
824,1280
824,1285
824,1308
824,1331
824,1389
824,1530
824,1582
824,1588
824,1643
824,1673
824,1715
824,1716
824,1730
824,1737
824,1763
824,1849
824,1922
824,2157
824,2158
824,2191
824,2211
824,2258
824,2348
824,2366
824,2634
824,2654
824,2675
824,2731
824,2749
824,2761
824,2794
824,2825
824,2836
824,2878
824,2884
824,3859
824,3861
824,3891
824,3924
824,3950
824,3984
824,4024
824,4087
824,4096
824,4139
824,4158
824,4239
824,4243
824,4257
824,4346
824,4347
824,4362
824,4418
824,4585
824,4616
824,4646
824,4673
824,4751
824,4784
824,4804
824,4819
824,4831
824,4841
824,4863
824,4908
824,4915
824,4921
824,4937
824,4995
824,5011
824,5102
824,5150
824,5154
824,5158
824,5173
824,5176
824,5195
824,5238
824,5249
824,5250
824,5254
824,5569
824,5612
824,5627
824,5655
824,5689
824,5698
824,5745
824,5794
825,1739
825,2217
826,1711
826,1857
826,4964
828,1853
829,830
829,831
829,847
829,852
829,855
829,861
829,863
829,876
829,877
829,878
829,879
829,887
829,908
829,913
829,917
829,923
829,929
829,931
829,934
829,940
829,949
829,950
829,954
829,955
829,959
829,963
829,967
829,969
829,974
829,977
829,978
829,986
829,987
829,997
829,998
829,1000
829,1005
829,1008
829,1012
829,1015
829,1020
829,1026
829,1031
829,1032
829,1033
829,1034
829,1035
829,1036
829,1037
829,1052
829,1057
829,1058
829,1063
829,1067
829,1074
829,1087
829,1097
829,1099
829,1106
829,1109
829,1135
829,1143
829,1154
829,1155
829,1173
829,1191
829,1199
829,1205
829,1213
829,1215
829,1219
829,1223
829,1230
829,1239
829,1240
829,1249
829,1250
829,1264
829,1271
829,1275
829,1278
829,1301
829,1304
829,1307
829,1311
829,1314
829,1316
829,1323
829,1330
829,1358
829,1360
829,1369
829,1380
829,1386
829,1406
829,1417
829,1419
829,1450
829,1462
829,1508
829,1526
829,1530
829,1539
829,1553
829,1562
829,1563
829,1565
829,1575
829,1586
829,1591
829,1592
829,1601
829,1613
829,1615
829,1616
829,1636
829,1639
829,1650
829,1652
829,1653
829,1656
829,1659
829,1668
829,1671
829,1675
829,1677
829,1683
829,1685
829,1687
829,1689
829,1693
829,1705
829,1716
829,1729
829,1730
829,1733
829,1736
829,1737
829,1745
829,1746
829,1753
829,1754
829,1755
829,1757
829,1758
829,1759
829,1768
829,1775
829,1777
829,1781
829,1785
829,1790
829,1797
829,1802
829,1804
829,1833
829,1844
829,1845
829,1848
829,1850
829,1853
829,1857
829,1859
829,1860
829,1864
829,1867
829,1869
829,1881
829,1882
829,1885
829,1889
829,1895
829,1898
829,1899
829,1905
829,1909
829,1918
829,1919
829,1921
829,1925
829,1928
829,1933
829,1937
829,1939
829,1949
829,1951
829,1955
829,1957
829,1958
829,1992
829,2002
829,2035
829,2051
829,2066
829,2073
829,2094
829,2109
829,2152
829,2154
829,2165
829,2166
829,2173
829,2174
829,2175
829,2180
829,2184
829,2188
829,2191
829,2192
829,2197
829,2199
829,2201
829,2213
829,2216
829,2218
829,2220
829,2223
829,2227
829,2235
829,2244
829,2248
829,2255
829,2257
829,2258
829,2260
829,2266
829,2271
829,2272
829,2273
829,2280
829,2287
829,2292
829,2303
829,2308
829,2309
829,2312
829,2314
829,2316
829,2326
829,2337
829,2340
829,2341
829,2342
829,2343
829,2344
829,2360
829,2367
829,2369
829,2377
829,2379
829,2399
829,2415
829,2417
829,2470
829,2607
829,2620
829,2621
829,2629
829,2630
829,2636
829,2637
829,2642
829,2645
829,2648
829,2666
829,2674
829,2679
829,2682
829,2683
829,2684
829,2692
829,2696
829,2699
829,2711
829,2713
829,2716
829,2719
829,2729
829,2736
829,2737
829,2740
829,2743
829,2750
829,2760
829,2763
829,2779
829,2785
829,2787
829,2792
829,2793
829,2803
829,2807
829,2808
829,2809
829,2812
829,2823
829,2836
829,2846
829,2847
829,2850
829,2855
829,2861
829,2868
829,2901
829,3000
829,3048
829,3127
829,3168
829,3217
829,3295
829,3365
829,3442
829,3669
829,3670
829,3710
829,3753
829,3850
829,3851
829,3864
829,3874
829,3878
829,3883
829,3884
829,3886
829,3888
829,3892
829,3896
829,3897
829,3908
829,3925
829,3927
829,3928
829,3929
829,3933
829,3935
829,3958
829,3965
829,3966
829,3973
829,3983
829,3987
829,4001
829,4002
829,4003
829,4004
829,4007
829,4018
829,4019
829,4026
829,4029
829,4040
829,4049
829,4071
829,4073
829,4080
829,4086
829,4092
829,4108
829,4110
829,4112
829,4114
829,4120
829,4121
829,4124
829,4127
829,4128
829,4129
829,4134
829,4135
829,4136
829,4155
829,4157
829,4176
829,4185
829,4189
829,4194
829,4195
829,4203
829,4205
829,4206
829,4207
829,4220
829,4222
829,4224
829,4230
829,4236
829,4237
829,4264
829,4265
829,4279
829,4280
829,4281
829,4287
829,4288
829,4293
829,4299
829,4305
829,4314
829,4315
829,4316
829,4318
829,4321
829,4325
829,4329
829,4332
829,4337
829,4338
829,4349
829,4354
829,4358
829,4360
829,4366
829,4373
829,4374
829,4375
829,4378
829,4394
829,4401
829,4426
829,4450
829,4452
829,4453
829,4466
829,4472
829,4474
829,4496
829,4497
829,4504
829,4505
829,4519
829,4520
829,4521
829,4524
829,4526
829,4533
829,4536
829,4541
829,4544
829,4552
829,4560
829,4561
829,4562
829,4563
829,4567
829,4582
829,4583
829,4586
829,4592
829,4598
829,4602
829,4617
829,4643
829,4646
829,4648
829,4650
829,4652
829,4653
829,4663
829,4672
829,4673
829,4681
829,4691
829,4697
829,4698
829,4701
829,4705
829,4706
829,4714
829,4718
829,4723
829,4725
829,4739
829,4744
829,4759
829,4762
829,4769
829,4775
829,4778
829,4788
829,4789
829,4791
829,4793
829,4795
829,4798
829,4799
829,4812
829,4817
829,4820
829,4839
829,4849
829,4857
829,4858
829,4860
829,4864
829,4866
829,4869
829,4871
829,4876
829,4883
829,4886
829,4891
829,4892
829,4897
829,4910
829,4911
829,4917
829,4918
829,4928
829,4930
829,4938
829,4941
829,4948
829,4956
829,4969
829,4976
829,4977
829,4985
829,4987
829,4996
829,4997
829,5008
829,5010
829,5015
829,5016
829,5017
829,5018
829,5031
829,5038
829,5051
829,5053
829,5058
829,5063
829,5065
829,5073
829,5074
829,5083
829,5084
829,5093
829,5104
829,5105
829,5107
829,5110
829,5121
829,5124
829,5128
829,5138
829,5143
829,5149
829,5171
829,5172
829,5186
829,5187
829,5211
829,5217
829,5241
829,5250
829,5256
829,5265
829,5274
829,5276
829,5278
829,5284
829,5286
829,5551
829,5552
829,5556
829,5565
829,5567
829,5570
829,5573
829,5578
829,5588
829,5593
829,5602
829,5607
829,5610
829,5623
829,5630
829,5634
829,5635
829,5651
829,5658
829,5661
829,5662
829,5663
829,5665
829,5675
829,5705
829,5716
829,5730
829,5733
829,5739
829,5746
829,5758
829,5773
829,5790
829,5814
829,5850
829,5854
829,5863
829,5867
831,891
832,2313
835,2174
835,3071
836,1530
837,1526
838,878
838,1119
839,2191
840,3872
841,1529
842,3986
845,858
846,1593
847,2191
847,2313
848,921
848,989
848,1085
848,1274
848,1318
848,1556
848,1558
848,1598
848,1607
848,1772
848,1821
848,1855
848,1902
848,1952
848,2178
848,2321
848,2339
848,2372
848,2393
848,2418
848,2644
848,2669
848,2688
848,4403
848,5066
848,5111
848,5216
848,5871
849,2227
851,966
851,1224
851,2493
851,2537
851,3656
851,3740
851,3741
851,3771
852,2191
853,1406
858,1881
859,1774
862,863
863,993
863,1092
863,1120
863,1125
863,1134
863,1135
863,2558
863,2559
864,945
865,1526
865,2354
865,5817
866,2811
868,2755
869,941
870,871
870,1672
871,1672
871,2698
872,2191
873,1707
874,4728
875,1824
876,894
877,4264
878,1006
878,1010
878,1795
878,2391
878,4246
879,2191
882,1811
882,4273
882,5554
883,2280
884,1853
884,1874
884,1913
884,2146
888,4798
889,1853
890,4676
891,1013
891,1781
891,2296
891,4425
891,4896
892,1038
892,1346
893,973
893,2191
893,2193
893,2421
893,2822
893,3975
893,4191
893,4445
893,4966
894,1555
895,1879
897,1224
898,2289
899,2715
901,4728
902,1224
903,2429
903,2430
903,3724
903,3782
906,1855
907,1512
908,3951
909,2279
910,911
910,1224
911,1149
911,1151
911,1155
911,1209
911,1242
911,1243
911,1313
911,1645
911,1849
911,1853
911,2489
911,2490
911,2491
911,2492
911,2534
911,3628
911,3632
911,3738
911,3742
911,3744
911,3767
911,3770
911,3792
911,3793
911,3794
911,3795
911,3796
911,3797
911,3799
911,3800
911,3802
911,3817
911,3818
911,3819
911,3821
911,3822
911,3824
911,3825
911,3832
911,3834
911,3837
912,1526
912,3902
912,4832
913,972
913,1798
913,1849
913,2191
914,1105
914,2141
915,1781
915,2785
917,2191
918,1419
918,1652
918,1732
918,4355
918,4545
920,1774
922,1224
925,973
925,1579
925,2191
925,4369
925,4512
926,961
926,1303
926,2785
926,3859
926,3889
928,962
930,1224
930,3626
932,1005
933,1303
933,2738
933,2870
933,4011
933,4300
933,4914
933,5027
933,5044
934,4678
935,1225
937,1127
938,1065
938,1204
939,1526
939,2422
941,1028
941,1104
941,1526
941,1737
941,2302
941,2611
942,5810
945,1046
945,2191
945,2313
945,2769
945,4259
945,4773
945,5563
947,2191
947,2785
948,1774
949,4210
950,1966
950,2191
950,5555
951,1345
953,1853
954,1588
954,4869
954,5694
955,1966
955,2191
957,3944
959,961
959,1102
959,1660
959,1783
959,1947
959,2176
959,2191
959,2194
959,2244
959,2270
959,2278
959,2279
959,2300
959,2365
959,2773
959,2774
959,2832
959,2833
959,2834
959,2835
959,3969
959,4130
959,4144
959,4327
959,4346
959,4434
959,4435
959,4436
959,4437
959,4438
959,5089
959,5547
963,1004
963,1017
963,1043
963,1117
963,1224
963,1298
963,1331
963,1541
963,1582
963,1831
963,1849
963,1858
963,1886
963,1915
963,1956
963,1966
963,2150
963,2187
963,2191
963,2192
963,2245
963,2285
963,2324
963,2622
963,2671
963,2761
963,2814
963,3255
963,3891
963,4072
963,4118
963,4178
963,4196
963,4228
963,4425
963,4523
963,4808
963,4831
963,4852
963,4854
963,4937
963,4982
963,4999
963,5099
963,5149
963,5182
963,5191
963,5565
963,5581
963,5791
964,4457
966,1154
966,1241
966,1284
966,1313
966,2488
966,2490
966,3743
966,3801
966,3826
968,1707
968,1805
968,2137
968,2138
968,2797
969,1781
970,1312
971,972
971,1169
971,1256
971,1301
971,1348
971,1378
971,1402
971,1405
971,1433
971,1435
971,1482
971,1701
971,1883
971,1963
971,1966
971,2007
971,2008
971,2027
971,2054
971,2079
971,2097
971,2114
971,2129
971,2282
971,2301
971,2533
971,2725
971,2751
971,2753
971,2756
971,2757
971,2945
971,2954
971,2994
971,2996
971,3053
971,3168
971,3650
971,3758
971,5492
973,1467
973,1573
973,1851
973,2002
973,2179
973,2249
973,2608
973,3223
973,4031
973,4529
974,1742
974,2191
974,4158
974,4816
974,5682
975,1529
979,1304
980,1129
980,1142
980,1148
980,1211
980,1222
980,1228
980,1260
980,1853
980,2428
980,2440
980,2451
980,2480
980,2559
980,2564
980,3643
980,3702
980,3729
980,3778
980,3780
980,3828
980,3840
980,3842
983,2191
984,1312
986,1229
986,1258
986,1582
986,2174
987,1781
987,4463
988,1132
990,1483
990,3168
990,3384
990,3547
991,1005
992,1925
993,1135
994,1529
996,1546
997,4964
998,1050
998,1511
998,2758
998,4098
998,5081
998,5201
1001,3944
1002,2856
1003,1173
1005,1008
1005,1020
1005,1046
1005,1047
1005,1282
1005,1296
1005,1491
1005,1576
1005,1581
1005,1608
1005,1651
1005,1730
1005,1746
1005,1786
1005,1798
1005,1816
1005,1842
1005,1857
1005,1890
1005,1919
1005,1924
1005,1938
1005,2191
1005,2199
1005,2261
1005,2288
1005,2348
1005,2362
1005,2410
1005,2637
1005,2645
1005,2735
1005,2825
1005,3010
1005,3876
1005,3912
1005,4064
1005,4102
1005,4319
1005,4362
1005,4473
1005,4582
1005,4617
1005,4619
1005,4628
1005,4864
1005,4905
1005,5039
1005,5726
1006,1119
1007,1265
1009,1721
1010,1803
1012,1609
1012,1674
1012,1849
1012,1906
1012,2215
1012,2335
1012,2375
1012,2396
1012,2614
1012,2853
1012,2871
1012,3909
1012,3936
1012,3938
1012,3943
1012,3961
1012,3989
1012,4093
1012,4106
1012,4119
1012,4140
1012,4245
1012,4249
1012,4260
1012,4285
1012,4298
1012,4444
1012,4464
1012,4537
1012,4548
1012,4625
1012,4644
1012,4647
1012,4656
1012,4859
1012,4934
1012,4935
1012,4936
1012,4965
1012,5009
1012,5029
1012,5088
1012,5189
1012,5190
1012,5193
1012,5575
1012,5807
1012,5856
1012,5873
1013,1875
1013,2358
1013,4640
1013,4726
1014,1781
1014,4411
1014,4621
1018,4784
1019,1303
1019,2785
1025,1061
1025,1271
1025,1560
1025,2337
1027,1220
1027,1849
1027,2191
1029,1526
1040,1067
1042,4746
1044,1338
1044,5030
1045,1526
1045,2357
1045,4814
1045,5264
1045,5280
1046,4110
1046,4653
1046,4899
1046,5084
1046,5148
1046,5217
1046,5574
1046,5656
1046,5777
1047,1857
1049,1136
1049,1853
1050,1106
1050,2168
1051,2174
1053,1526
1053,1563
1053,1653
1053,5659
1055,1529
1056,1781
1058,4553
1058,5133
1058,5247
1060,1106
1061,2337
1065,1204
1065,2549
1066,1219
1066,5028
1067,2741
1067,4018
1067,4101
1067,5062
1071,1807
1071,1808
1071,1812
1071,2704
1072,1543
1076,1821
1076,2414
1077,1781
1080,1857
1081,1881
1082,1288
1083,1652
1084,2785
1085,1772
1086,1707
1086,4398
1087,1402
1087,1966
1087,2292
1087,3958
1087,4390
1087,4746
1087,4950
1087,5036
1087,5093
1087,5120
1087,5164
1087,5168
1087,5170
1087,5238
1087,5617
1088,1135
1089,5811
1091,1781
1093,1781
1095,1849
1096,1781
1097,2201
1097,2707
1098,4486
1099,1699
1099,1730
1099,2191
1099,2715
1101,2666
1101,4157
1101,4259
1101,4466
1101,4525
1101,4930
1101,5042
1105,2323
1105,4728
1105,5572
1106,1238
1106,1764
1106,1784
1106,1849
1106,1946
1106,1966
1106,2191
1106,2381
1106,2412
1106,2514
1106,2563
1106,2622
1106,2654
1106,3402
1106,3891
1106,3952
1106,3965
1106,4116
1106,4284
1106,4500
1106,4544
1106,4611
1106,4850
1106,5011
1106,5259
1106,5263
1106,5587
1106,5598
1106,5750
1106,5766
1106,5782
1108,2542
1113,1402
1113,1503
1113,4590
1115,2191
1119,1795
1119,4246
1119,4728
1121,1135
1121,1849
1121,2510
1122,1135
1123,1135
1124,1853
1126,1254
1126,1849
1127,1220
1127,1849
1127,3704
1127,3755
1127,3763
1128,1135
1130,1135
1131,1229
1131,1849
1131,2446
1132,1135
1132,1139
1132,1140
1132,1252
1132,1259
1132,1582
1132,2480
1132,3733
1132,3751
1133,2431
1133,2483
1133,2514
1134,1135
1134,2530
1134,3709
1135,1137
1135,1138
1135,1139
1135,1145
1135,1146
1135,1211
1135,1218
1135,1229
1135,1234
1135,1250
1135,1326
1135,1909
1135,2436
1135,2439
1135,2440
1135,2451
1135,2495
1135,2505
1135,2515
1135,2551
1135,2552
1135,2554
1135,2590
1135,3074
1135,3625
1135,3712
1135,3729
1135,3780
1135,3826
1135,3830
1139,1853
1139,3830
1141,1227
1141,2563
1141,3664
1141,3674
1141,3675
1141,3732
1141,3779
1143,1223
1143,1229
1143,1582
1143,2427
1143,2443
1143,2498
1143,2529
1143,2531
1143,2548
1143,2561
1143,2601
1143,3655
1144,1853
1147,1853
1147,2430
1147,2546
1148,1853
1149,1224
1150,3781
1151,1224
1153,2491
1155,3768
1155,3794
1157,2461
1159,1173
1160,1173
1161,2468
1161,2470
1161,3625
1163,1176
1163,1191
1163,1200
1163,1229
1163,2568
1163,2577
1163,3670
1164,1187
1167,1173
1168,1173
1169,2585
1170,1173
1170,1229
1170,2470
1171,1194
1172,1173
1173,1179
1173,1184
1173,1185
1173,1190
1173,2453
1173,2463
1173,3685
1173,3688
1173,3691
1173,3725
1174,1178
1174,2574
1175,1178
1177,1186
1178,1190
1178,1200
1178,2445
1178,2578
1178,3678
1178,3681
1178,3689
1181,2463
1182,1187
1184,1187
1185,2461
1185,2465
1185,4342
1187,1189
1187,2455
1187,2458
1187,2460
1187,2462
1187,2463
1187,2583
1187,2585
1187,2586
1187,3679
1188,1247
1191,1194
1193,1198
1193,2453
1194,2577
1195,2453
1197,2565
1198,2586
1198,3690
1198,3694
1201,1256
1201,2532
1202,2431
1203,2563
1204,1221
1204,1257
1204,2431
1204,2448
1204,2482
1204,3816
1205,1220
1205,1849
1205,2441
1205,5028
1206,2431
1206,3776
1207,1853
1207,3710
1207,3731
1208,1256
1208,2431
1210,1234
1212,1224
1213,2201
1213,5028
1214,1256
1215,1216
1215,1849
1215,2041
1215,3827
1217,3841
1219,1246
1219,1251
1219,1849
1221,1226
1221,2084
1221,2600
1221,3649
1223,1225
1223,2441
1224,1241
1224,1313
1224,1849
1224,1853
1224,2191
1224,2490
1224,2491
1224,2494
1224,2534
1224,2535
1224,2538
1224,2539
1224,2540
1224,3626
1224,3627
1224,3628
1224,3630
1224,3659
1224,3738
1224,3739
1224,3742
1224,3744
1224,3745
1224,3764
1224,3766
1224,3768
1224,3769
1224,3770
1224,3793
1224,3795
1224,3797
1224,3798
1224,3799
1224,3802
1224,3821
1224,3833
1224,3835
1224,3836
1224,3837
1226,3672
1226,3721
1226,3722
1226,3723
1226,3726
1226,3752
1226,3772
1226,3785
1229,1246
1229,2461
1229,2542
1230,1853
1230,2430
1230,3703
1231,1849
1231,3755
1233,1853
1233,2435
1233,3781
1234,1237
1234,1853
1234,2191
1234,2437
1234,2477
1234,2478
1234,2481
1234,2557
1234,2591
1234,2597
1234,3637
1234,3676
1237,2439
1238,1853
1238,2589
1238,3646
1238,3734
1238,3747
1238,3773
1238,3789
1238,3805
1239,2430
1240,1582
1240,2484
1240,3641
1243,2191
1244,1582
1245,2431
1247,2599
1250,1582
1250,2550
1250,3699
1251,5028
1253,2514
1254,1849
1255,2431
1256,2497
1256,2563
1257,2426
1261,1853
1261,2518
1261,3621
1262,5028
1263,2431
1265,4209
1265,4301
1265,4476
1267,3433
1269,1577
1269,4870
1271,1287
1271,1528
1271,1560
1271,1636
1271,1685
1271,2073
1271,2180
1271,2181
1271,2191
1271,2208
1271,2398
1271,2800
1271,3868
1271,3887
1271,3959
1271,3980
1271,4054
1271,4094
1271,4156
1271,4179
1271,4188
1271,4219
1271,4320
1271,4333
1271,4339
1271,4352
1271,4376
1271,4475
1271,4527
1271,4570
1271,4573
1271,4612
1271,4626
1271,4641
1271,4669
1271,4704
1271,4776
1271,4893
1271,5722
1271,5858
1271,5879
1272,2191
1276,4097
1277,1781
1281,1668
1285,1857
1285,4442
1287,2337
1288,1523
1288,1651
1288,1738
1288,1853
1288,1875
1288,2191
1288,2638
1288,2740
1288,2761
1288,3332
1288,3600
1288,3870
1288,4221
1288,4347
1288,4415
1288,4484
1288,4506
1288,4741
1288,4875
1288,5038
1288,5146
1291,1555
1293,4228
1295,1857
1297,2756
1297,4009
1299,1529
1301,1466
1301,1966
1301,2191
1301,2320
1301,4263
1301,4343
1303,4044
1304,2142
1304,2315
1304,2652
1304,2657
1304,2747
1304,2858
1304,3915
1304,3916
1304,3921
1304,4124
1304,4163
1304,4247
1304,4248
1304,4307
1304,4401
1304,4634
1304,4735
1304,4774
1304,4833
1304,4943
1304,5127
1304,5585
1304,5593
1304,5772
1305,1857
1310,1529
1311,4264
1312,2191
1312,2322
1313,3631
1314,1529
1316,2698
1316,4134
1316,4586
1317,2267
1318,1849
1319,1822
1319,4740
1320,2191
1321,2191
1322,1781
1323,2333
1323,2781
1323,4728
1325,1853
1327,1781
1329,1348
1329,1402
1329,1429
1329,3475
1329,5313
1331,1546
1331,2362
1331,4344
1332,2352
1333,1337
1334,1337
1335,1337
1336,1337
1338,5877
1343,2267
1347,1378
1347,1413
1347,1849
1347,1974
1347,1994
1347,1995
1347,2004
1347,2030
1347,2886
1347,2898
1347,2979
1347,2980
1347,3103
1347,3407
1347,3471
1347,3477
1347,3478
1347,3569
1347,3607
1347,3608
1347,5481
1348,1361
1348,1376
1348,1378
1348,1390
1348,1402
1348,1403
1348,1436
1348,1458
1348,1462
1348,1463
1348,1465
1348,1474
1348,1491
1348,1498
1348,1511
1348,1540
1348,1909
1348,1966
1348,1973
1348,2008
1348,2015
1348,2017
1348,2021
1348,2022
1348,2026
1348,2029
1348,2044
1348,2048
1348,2071
1348,2092
1348,2887
1348,2888
1348,2904
1348,2909
1348,2930
1348,2947
1348,2964
1348,2976
1348,2982
1348,2987
1348,2988
1348,3010
1348,3020
1348,3051
1348,3063
1348,3095
1348,3130
1348,3144
1348,3185
1348,3186
1348,3207
1348,3212
1348,3214
1348,3216
1348,3296
1348,3304
1348,3311
1348,3354
1348,3359
1348,3392
1348,3444
1348,3480
1348,3487
1348,3488
1348,3499
1348,3539
1348,3540
1348,3562
1348,3599
1348,3616
1348,4009
1348,5342
1348,5362
1348,5410
1348,5417
1348,5442
1348,5543
1348,5895
1349,2076
1350,2091
1351,1378
1352,1423
1352,5328
1353,1849
1353,3437
1353,3442
1354,1372
1356,1371
1357,1388
1357,1402
1357,1469
1357,2269
1357,2909
1357,5365
1358,3062
1358,3244
1358,3259
1358,5295
1359,1402
1359,1435
1359,2905
1359,2950
1360,2041
1360,2063
1361,1970
1361,3487
1362,1467
1363,1970
1365,3444
1366,1970
1367,2953
1368,3402
1369,1418
1369,1975
1369,1976
1369,1982
1369,1983
1369,1984
1369,1985
1369,1986
1369,1987
1369,2017
1369,2051
1369,2094
1369,2112
1369,2191
1369,3081
1369,3082
1369,3094
1369,3348
1369,3392
1369,3444
1369,5327
1370,3402
1370,3613
1371,3292
1372,2121
1372,2888
1373,2078
1373,3141
1373,5479
1374,3174
1375,1410
1375,1420
1375,2028
1375,2110
1375,2933
1375,2951
1375,3126
1375,3133
1375,3165
1375,3184
1375,3189
1375,3190
1375,3208
1375,3246
1375,3297
1375,3415
1375,3474
1375,3515
1375,5346
1375,5375
1376,1378
1376,1402
1376,2191
1376,2965
1376,3269
1376,3276
1376,3361
1376,3401
1376,3537
1377,2964
1377,3310
1378,1402
1378,1430
1378,1442
1378,1458
1378,1474
1378,2017
1378,2044
1378,2057
1378,2071
1378,2148
1378,2890
1378,2931
1378,2938
1378,2958
1378,3166
1378,3182
1378,3399
1378,3432
1378,3488
1379,2937
1379,3006
1379,4908
1380,1849
1382,1383
1382,3011
1382,3567
1384,2114
1385,3402
1386,4584
1387,3418
1387,5330
1387,5496
1389,1402
1389,1849
1389,3008
1389,3092
1389,3125
1389,3152
1389,3210
1389,3428
1389,3513
1389,3519
1389,3537
1389,5408
1389,5448
1389,5487
1390,1402
1390,2051
1391,1472
1392,3338
1394,1987
1396,1401
1402,1403
1402,1426
1402,1435
1402,1442
1402,1458
1402,1459
1402,1463
1402,1474
1402,1491
1402,1500
1402,1503
1402,1506
1402,1511
1402,1540
1402,1644
1402,1853
1402,2015
1402,2017
1402,2026
1402,2029
1402,2044
1402,2054
1402,2071
1402,2092
1402,2257
1402,2269
1402,2909
1402,2938
1402,2948
1402,2964
1402,3053
1402,3063
1402,3166
1402,3170
1402,3181
1402,3255
1402,3280
1402,3304
1402,3311
1402,3354
1402,3387
1402,3399
1402,3402
1402,3418
1402,3499
1402,3506
1402,3600
1402,4009
1402,5546
1403,1459
1403,2006
1403,3234
1403,3402
1403,3540
1403,5455
1404,2097
1405,3585
1406,2805
1406,3399
1407,1446
1408,1472
1409,1438
1411,1472
1412,2963
1414,1472
1416,1442
1417,1437
1417,1467
1417,1470
1417,1493
1417,1849
1417,1974
1417,3077
1417,3159
1417,3163
1417,3244
1417,3485
1419,3143
1419,5373
1419,5404
1419,5532
1421,3174
1422,1514
1422,3332
1422,3551
1422,3573
1422,5434
1422,5501
1424,3399
1426,3166
1427,1992
1430,1966
1431,2041
1433,3325
1434,3309
1434,5423
1435,2014
1435,2033
1435,2109
1435,2685
1435,3385
1435,3753
1435,4728
1435,5401
1435,5431
1435,5439
1436,3185
1438,1849
1438,2981
1440,3554
1441,2096
1442,1463
1442,3232
1442,3421
1442,5099
1442,5365
1443,2020
1445,1849
1446,3093
1447,2041
1448,2044
1449,2269
1452,2899
1452,3298
1452,5376
1454,3600
1456,1975
1457,2032
1457,2908
1457,2934
1457,3382
1457,5403
1458,1553
1458,1575
1458,2031
1458,2037
1458,2083
1458,2431
1458,3053
1458,3091
1458,3203
1458,3303
1458,3318
1458,3506
1458,3582
1458,3605
1458,5296
1458,5337
1458,5351
1458,5389
1458,5467
1461,2060
1462,1973
1462,1976
1462,2928
1462,3111
1462,3207
1462,3312
1462,5290
1462,5318
1464,5385
1465,3192
1465,3443
1465,3506
1467,2056
1467,3389
1467,4584
1468,3139
1469,3319
1472,1849
1472,1977
1472,2995
1472,3056
1472,3116
1472,3193
1472,3220
1472,3235
1472,3268
1472,5409
1474,3402
1474,5499
1480,2071
1480,3031
1482,2902
1482,5294
1482,5383
1483,3146
1484,5892
1484,5894
1485,1966
1485,2044
1486,3174
1488,2999
1489,3358
1491,1853
1491,1981
1491,2016
1491,2038
1491,2039
1491,2048
1491,2134
1491,2975
1491,3130
1491,3148
1491,3468
1491,3552
1491,4362
1491,5344
1491,5353
1492,1853
1492,3420
1492,3447
1492,4362
1492,5358
1492,5380
1495,1996
1496,2044
1498,2007
1499,2128
1499,3169
1502,3431
1503,2014
1503,2042
1503,3240
1503,3293
1503,3589
1503,4590
1503,5455
1503,5512
1503,5517
1504,1970
1505,1849
1505,3174
1508,1849
1508,2003
1508,2053
1508,2928
1508,2944
1508,2956
1508,2964
1508,3026
1508,3085
1508,3111
1508,3221
1508,3320
1508,3441
1508,5332
1508,5429
1508,5501
1512,2008
1513,2135
1515,2941
1516,2100
1518,2916
1520,1643
1521,1553
1521,1849
1522,4728
1523,2211
1523,2665
1525,2785
1526,1566
1526,1610
1526,1679
1526,1709
1526,1713
1526,1743
1526,1763
1526,1770
1526,1782
1526,1794
1526,1797
1526,1816
1526,1822
1526,1878
1526,1922
1526,1966
1526,2005
1526,2191
1526,2277
1526,2315
1526,2390
1526,2527
1526,2565
1526,2624
1526,2666
1526,2769
1526,3915
1526,4050
1526,4055
1526,4109
1526,4124
1526,4137
1526,4166
1526,4348
1526,4370
1526,4427
1526,4634
1526,4664
1526,4720
1526,4734
1526,4846
1526,5048
1526,5785
1528,4219
1528,4475
1529,1565
1529,1594
1529,1669
1529,1680
1529,1702
1529,1746
1529,1859
1529,1888
1529,1891
1529,1903
1529,1933
1529,2184
1529,2222
1529,2265
1529,2327
1529,2357
1529,2395
1529,2629
1529,3857
1529,3890
1529,3901
1529,3934
1529,3954
1529,3990
1529,4042
1529,4046
1529,4181
1529,4271
1529,4382
1529,4440
1529,4487
1529,4501
1529,4539
1529,4556
1529,4583
1529,4603
1529,4637
1529,4768
1529,4784
1529,4805
1529,4932
1529,5049
1529,5151
1529,5171
1529,5208
1529,5264
1529,5285
1529,5615
1529,5708
1529,5738
1529,5760
1529,5830
1529,5852
1530,2820
1532,4650
1534,1770
1534,1781
1535,4398
1536,2191
1537,4575
1538,1553
1540,1853
1540,2034
1540,3224
1540,3350
1540,3527
1540,3603
1540,5469
1541,1853
1542,1543
1542,2715
1543,1611
1543,1710
1543,1726
1543,1779
1543,1817
1543,1828
1543,1859
1543,2195
1543,2371
1543,2563
1543,2786
1543,2850
1543,4012
1543,4623
1543,4901
1543,4954
1543,5045
1543,5690
1544,2262
1544,4181
1544,5023
1544,5852
1546,1779
1546,2140
1546,2185
1546,2220
1546,2563
1546,2671
1546,3992
1546,4017
1546,4451
1546,4487
1546,4830
1546,4845
1546,4913
1546,5605
1546,5612
1546,5750
1546,5762
1546,5808
1547,5133
1547,5166
1548,3881
1548,5169
1549,1596
1549,2715
1553,1652
1553,1724
1553,1953
1553,2149
1553,2431
1553,3841
1553,3853
1553,3872
1553,4043
1553,4086
1553,4090
1553,4430
1553,4535
1553,4712
1553,4745
1553,4836
1553,5089
1553,5175
1553,5474
1555,1853
1557,1822
1558,4717
1561,4089
1561,4149
1561,4164
1562,2191
1563,1610
1563,1640
1563,1668
1563,1681
1563,1769
1563,1842
1563,1853
1563,1936
1563,1940
1563,1961
1563,1966
1563,2140
1563,2191
1563,2196
1563,2201
1563,2231
1563,2233
1563,2253
1563,2290
1563,2357
1563,2370
1563,2617
1563,2627
1563,2661
1563,2666
1563,2672
1563,2732
1563,2749
1563,3857
1563,3859
1563,3880
1563,3890
1563,3901
1563,3921
1563,4033
1563,4047
1563,4082
1563,4201
1563,4205
1563,4209
1563,4253
1563,4290
1563,4322
1563,4374
1563,4378
1563,4455
1563,4476
1563,4498
1563,4534
1563,4593
1563,4608
1563,4610
1563,4679
1563,4703
1563,4737
1563,4766
1563,4768
1563,4865
1563,4882
1563,4915
1563,4920
1563,4971
1563,4978
1563,4993
1563,5075
1563,5080
1563,5155
1563,5166
1563,5173
1563,5214
1563,5285
1563,5645
1563,5663
1563,5886
1564,1781
1566,2280
1569,4009
1570,2298
1570,4412
1573,1575
1573,4009
1574,1652
1575,1655
1575,1657
1575,2191
1575,2387
1575,2421
1575,2822
1575,3975
1575,3995
1575,4445
1575,4887
1575,5686
1577,1654
1582,1853
1582,1944
1582,2135
1582,2191
1582,2246
1582,2430
1582,2431
1582,2449
1582,2591
1582,3775
1583,2191
1584,2191
1585,2191
1587,2858
1587,3914
1587,4233
1587,4247
1587,4735
1587,4774
1589,4650
1595,1597
1595,2201
1596,1879
1597,2378
1597,4750
1599,1781
1602,2803
1604,1818
1606,2313
1607,1849
1608,1756
1608,1781
1608,1853
1612,4225
1612,4284
1612,4363
1612,4552
1613,2191
1614,5087
1615,3849
1620,2267
1627,2267
1632,2267
1636,2191
1638,4423
1638,5899
1640,1936
1640,4038
1641,1857
1641,1881
1641,4457
1642,1881
1644,2044
1644,2092
1650,1737
1653,2210
1654,1867
1654,2191
1654,2274
1654,2740
1654,5164
1654,5757
1654,5815
1655,1657
1659,2158
1663,4649
1665,1781
1666,1781
1667,2168
1668,1949
1668,2148
1668,2668
1668,2862
1668,5710
1670,4266
1673,1849
1675,4009
1676,5260
1677,5254
1681,2709
1681,4269
1681,5548
1683,1707
1683,1754
1683,2281
1683,3977
1683,4644
1684,1781
1685,1849
1689,1853
1689,3841
1693,1772
1693,1828
1693,2149
1693,2191
1693,2214
1693,2245
1693,2628
1693,3563
1693,3845
1693,4149
1693,4164
1693,4465
1693,4531
1693,4620
1693,4627
1693,4658
1693,4742
1693,4764
1693,4949
1693,4981
1693,5012
1693,5133
1693,5168
1693,5186
1693,5218
1693,5244
1693,5270
1693,5560
1693,5601
1693,5653
1693,5666
1693,5685
1693,5687
1693,5690
1693,5735
1693,5741
1693,5778
1698,2734
1698,3853
1702,2201
1702,4884
1703,4650
1706,4841
1706,4864
1706,5181
1706,5276
1707,1724
1707,3866
1707,4615
1707,5103
1707,5180
1707,5880
1709,4728
1710,1849
1710,2191
1711,4231
1716,2155
1716,3855
1716,4196
1716,4449
1716,4580
1717,4507
1718,4368
1718,4716
1718,4805
1720,4568
1720,5800
1722,4687
1732,4998
1733,4719
1737,1966
1737,2191
1737,2854
1737,4062
1737,4190
1737,4289
1737,4357
1737,4483
1737,4738
1737,5039
1737,5110
1737,5156
1737,5161
1737,5568
1737,5783
1737,5881
1737,5887
1739,2883
1740,4575
1744,2392
1746,2650
1748,4231
1748,4876
1748,5067
1748,5104
1750,2191
1751,1781
1751,2745
1751,4044
1751,4907
1754,2725
1754,5709
1755,2191
1756,2191
1758,3899
1767,1835
1767,1853
1767,2761
1769,4368
1770,4953
1772,1849
1772,2372
1772,2697
1772,3981
1774,1877
1774,2191
1774,2202
1774,2240
1774,2394
1774,2748
1774,2860
1774,3948
1774,3979
1774,4027
1774,4428
1774,5197
1776,2340
1778,1881
1778,4457
1780,1781
1781,1824
1781,1828
1781,1836
1781,1855
1781,1920
1781,1922
1781,1945
1781,2204
1781,2232
1781,2234
1781,2252
1781,2312
1781,2353
1781,2405
1781,2410
1781,2613
1781,2617
1781,2624
1781,2636
1781,2671
1781,2687
1781,2694
1781,2735
1781,2736
1781,2761
1781,2809
1781,2859
1781,2865
1781,2877
1781,3859
1781,3863
1781,3941
1781,3971
1781,3999
1781,4016
1781,4024
1781,4025
1781,4033
1781,4034
1781,4064
1781,4109
1781,4123
1781,4150
1781,4175
1781,4183
1781,4185
1781,4193
1781,4204
1781,4278
1781,4279
1781,4296
1781,4311
1781,4313
1781,4319
1781,4321
1781,4344
1781,4381
1781,4425
1781,4431
1781,4453
1781,4468
1781,4472
1781,4485
1781,4494
1781,4495
1781,4514
1781,4520
1781,4523
1781,4546
1781,4564
1781,4577
1781,4579
1781,4581
1781,4637
1781,4680
1781,4690
1781,4700
1781,4720
1781,4730
1781,4734
1781,4739
1781,4743
1781,4751
1781,4766
1781,4772
1781,4784
1781,4793
1781,4808
1781,4898
1781,4913
1781,4924
1781,4942
1781,5011
1781,5044
1781,5073
1781,5118
1781,5134
1781,5150
1781,5165
1781,5191
1781,5224
1781,5239
1781,5251
1781,5259
1781,5262
1781,5555
1781,5559
1781,5605
1781,5615
1781,5620
1781,5621
1781,5636
1781,5639
1781,5654
1781,5670
1781,5682
1781,5715
1781,5761
1781,5776
1781,5786
1781,5791
1781,5792
1781,5798
1781,5802
1781,5813
1781,5815
1781,5830
1781,5864
1783,4359
1783,4543
1787,1806
1787,4398
1791,4728
1792,1909
1794,2875
1794,5613
1794,5723
1796,4509
1796,4960
1798,1861
1798,2337
1799,2194
1799,5272
1800,2252
1811,4273
1813,2233
1815,3898
1815,4762
1815,5032
1818,1849
1818,1966
1818,2191
1818,2870
1820,1849
1821,1849
1821,1855
1821,4591
1821,4686
1822,1966
1822,2191
1822,2286
1822,4110
1822,4380
1822,4410
1822,5604
1824,1966
1827,2191
1828,2191
1829,2250
1829,3438
1830,1853
1832,3996
1835,1853
1835,1966
1835,2731
1835,4118
1836,5174
1837,1849
1839,2191
1841,2191
1845,1853
1846,2191
1849,1855
1849,1953
1849,1958
1849,1966
1849,1967
1849,1980
1849,1988
1849,1992
1849,2018
1849,2031
1849,2041
1849,2048
1849,2051
1849,2066
1849,2073
1849,2091
1849,2095
1849,2179
1849,2191
1849,2337
1849,2344
1849,2427
1849,2430
1849,2446
1849,2461
1849,2482
1849,2498
1849,2516
1849,2726
1849,2740
1849,2759
1849,2762
1849,2791
1849,2803
1849,2867
1849,2909
1849,2948
1849,2964
1849,3000
1849,3003
1849,3014
1849,3028
1849,3076
1849,3080
1849,3093
1849,3132
1849,3146
1849,3168
1849,3217
1849,3223
1849,3299
1849,3300
1849,3308
1849,3365
1849,3367
1849,3385
1849,3386
1849,3410
1849,3501
1849,3547
1849,3552
1849,3571
1849,3650
1849,3720
1849,3781
1849,3855
1849,3882
1849,3905
1849,4031
1849,4067
1849,4105
1849,4389
1849,4430
1849,4451
1849,4554
1849,4590
1849,4591
1849,4784
1849,4945
1849,5002
1849,5057
1849,5139
1849,5257
1849,5261
1849,5292
1849,5357
1849,5415
1849,5462
1849,5523
1849,5575
1849,5668
1849,5774
1851,2860
1853,1911
1853,1912
1853,1947
1853,2146
1853,2148
1853,2173
1853,2191
1853,2226
1853,2277
1853,2298
1853,2307
1853,2383
1853,2387
1853,2392
1853,2425
1853,2430
1853,2470
1853,2509
1853,2514
1853,2519
1853,2549
1853,2611
1853,2645
1853,2646
1853,2741
1853,2840
1853,3572
1853,3598
1853,3658
1853,3848
1853,3913
1853,4009
1853,4016
1853,4067
1853,4201
1853,4324
1853,4362
1853,4471
1853,4549
1853,4623
1853,4736
1853,4854
1853,5019
1853,5028
1853,5099
1853,5149
1853,5779
1853,5851
1855,2200
1855,2413
1855,2649
1855,2755
1855,4105
1855,4811
1855,5549
1856,4184
1857,1863
1857,1966
1857,2191
1857,2308
1857,2326
1857,2355
1857,2743
1857,3955
1857,3976
1857,4115
1857,4301
1857,4564
1857,4665
1857,4733
1857,4834
1857,5123
1857,5742
1858,2191
1860,2191
1863,5118
1870,2637
1870,4176
1872,4009
1876,4709
1876,5754
1879,5614
1879,5619
1879,5630
1879,5707
1880,2191
1881,1931
1881,2159
1881,2212
1881,2224
1881,2243
1881,2351
1881,2409
1881,2765
1881,3940
1881,3948
1881,4227
1881,4457
1881,4715
1881,4838
1881,5001
1881,5197
1883,1906
1883,2335
1883,2375
1883,2396
1883,2751
1883,4106
1883,4260
1883,4298
1883,4644
1883,4859
1887,2831
1887,4180
1887,4310
1887,4728
1887,4856
1887,5095
1898,4222
1909,2156
1909,2191
1909,3903
1912,5169
1917,2041
1917,2191
1920,4405
1924,2191
1925,4611
1925,5795
1926,2191
1932,4266
1933,2191
1935,4295
1941,2191
1941,4827
1947,2191
1950,2275
1952,5725
1957,2191
1958,3703
1958,3730
1958,3731
1958,3867
1960,1966
1963,2044
1964,2957
1966,2005
1966,2044
1966,2054
1966,2148
1966,2192
1966,2280
1966,2721
1966,2761
1966,2894
1966,2948
1966,3020
1966,3209
1966,3387
1969,3403
1969,4362
1970,2041
1970,2120
1970,2805
1970,3088
1970,3196
1970,3309
1970,3331
1970,3357
1970,3377
1970,3450
1970,3453
1970,3494
1970,3611
1970,5345
1970,5395
1970,5437
1970,5444
1971,2041
1973,2918
1973,3448
1975,3392
1978,3000
1979,2909
1979,3402
1979,3557
1979,5353
1979,5379
1981,2964
1982,1989
1982,2907
1983,3110
1983,3179
1984,3097
1988,3000
1988,3342
1990,3093
1991,2097
1992,3250
1992,5341
1994,3048
1995,2122
1995,3001
1996,2123
1996,3488
1996,5393
1997,2124
1997,3286
1997,3597
1997,5402
1998,2010
1998,2964
2002,2041
2003,2928
2004,3587
2004,4362
2005,2191
2005,2761
2007,3331
2008,2017
2008,2891
2008,3054
2008,3214
2008,3322
2008,3500
2008,5335
2008,5528
2010,2901
2011,2060
2013,2901
2014,3574
2014,4590
2015,2952
2015,3059
2015,3192
2015,3209
2015,3402
2017,2052
2017,2925
2017,3051
2017,3104
2017,3249
2017,3322
2017,3344
2017,3349
2017,3351
2017,3376
2017,3486
2017,3498
2017,3531
2017,3543
2017,3588
2017,5301
2017,5396
2017,5453
2017,5518
2018,2993
2018,3000
2018,3352
2018,3404
2022,2965
2022,3052
2022,3333
2022,3418
2025,4362
2026,2191
2027,3194
2029,3391
2030,3431
2030,4420
2030,5537
2031,2136
2031,3180
2031,5500
2032,3506
2033,2073
2034,3073
2034,3298
2034,3364
2034,3409
2034,3445
2034,3519
2034,5333
2034,5377
2035,2077
2035,2191
2035,3036
2035,3058
2035,3064
2035,3236
2035,3251
2035,3252
2035,3253
2035,3262
2035,3305
2035,3371
2035,3411
2035,3482
2035,3538
2035,3552
2038,2041
2039,2916
2040,2964
2040,3405
2041,2337
2041,2551
2041,2885
2041,2913
2041,2926
2041,3076
2041,3296
2041,3523
2041,4031
2041,5520
2042,2989
2042,3614
2042,4590
2044,2054
2044,2092
2044,2127
2044,2896
2044,2971
2044,3195
2044,3350
2044,3387
2044,3408
2045,5315
2046,3168
2047,3299
2048,2051
2050,3217
2051,3610
2052,2947
2053,4362
2055,3106
2058,3094
2059,3154
2062,2075
2062,5356
2064,3135
2064,3162
2064,3393
2065,2964
2066,3038
2066,3045
2066,3048
2066,3556
2067,3000
2068,3282
2068,3365
2068,3555
2070,2916
2071,2117
2071,3037
2071,3479
2071,3591
2072,3173
2072,3358
2073,2964
2073,3217
2076,2112
2076,3343
2076,3456
2077,3030
2077,3552
2077,4362
2078,2927
2079,3603
2081,3139
2082,2114
2083,3271
2083,3506
2083,4362
2083,5358
2084,3664
2089,2892
2089,2978
2090,3510
2091,2094
2091,2998
2092,3060
2092,3237
2092,3452
2092,3582
2092,5359
2092,5426
2092,5533
2093,3418
2094,3009
2094,3178
2094,3314
2094,3328
2094,5480
2094,5505
2095,2191
2096,3265
2097,2910
2097,2943
2097,3097
2097,5366
2098,2945
2098,3300
2099,3000
2100,2911
2100,2959
2101,3000
2103,3154
2104,2964
2104,3316
2104,3435
2104,3506
2104,3609
2106,3000
2107,2941
2108,5401
2109,5357
2111,2119
2114,2927
2114,2997
2121,3242
2123,3615
2125,2983
2125,3004
2125,3119
2125,3168
2125,3426
2125,3547
2125,5440
2125,5441
2127,3345
2131,5417
2133,3000
2133,3327
2135,3274
2136,3265
2140,2157
2140,2183
2141,2191
2141,2330
2141,4021
2141,4202
2141,5022
2148,2229
2148,4051
2149,2191
2155,2761
2155,4264
2156,2191
2161,4002
2168,2223
2168,4407
2168,4763
2168,4850
2168,4979
2168,5210
2170,2191
2174,2297
2174,2303
2174,4142
2174,4305
2174,4540
2174,4568
2174,5024
2174,5182
2174,5183
2174,5235
2174,5263
2176,4853
2178,4387
2179,4009
2180,2399
2180,4589
2188,2191
2188,2721
2189,2721
2190,2191
2190,2721
2191,2218
2191,2248
2191,2264
2191,2267
2191,2296
2191,2309
2191,2327
2191,2337
2191,2340
2191,2341
2191,2369
2191,2381
2191,2401
2191,2423
2191,2545
2191,2607
2191,2618
2191,2645
2191,2660
2191,2663
2191,2670
2191,2676
2191,2684
2191,2701
2191,2716
2191,2717
2191,2721
2191,2750
2191,2785
2191,2790
2191,2803
2191,2807
2191,2813
2191,2848
2191,2855
2191,3168
2191,3392
2191,3666
2191,3720
2191,3883
2191,3888
2191,3916
2191,3920
2191,3927
2191,3960
2191,3978
2191,3990
2191,4043
2191,4052
2191,4066
2191,4079
2191,4084
2191,4091
2191,4110
2191,4111
2191,4129
2191,4132
2191,4134
2191,4187
2191,4199
2191,4203
2191,4204
2191,4206
2191,4231
2191,4258
2191,4264
2191,4265
2191,4266
2191,4268
2191,4293
2191,4303
2191,4304
2191,4306
2191,4325
2191,4328
2191,4331
2191,4340
2191,4345
2191,4354
2191,4377
2191,4395
2191,4401
2191,4406
2191,4416
2191,4426
2191,4442
2191,4456
2191,4457
2191,4461
2191,4467
2191,4507
2191,4511
2191,4534
2191,4541
2191,4550
2191,4588
2191,4598
2191,4619
2191,4631
2191,4633
2191,4652
2191,4654
2191,4661
2191,4673
2191,4687
2191,4712
2191,4747
2191,4769
2191,4777
2191,4785
2191,4792
2191,4801
2191,4832
2191,4844
2191,4857
2191,4860
2191,4871
2191,4881
2191,4884
2191,4900
2191,4926
2191,4927
2191,4939
2191,4941
2191,4943
2191,4956
2191,4961
2191,4968
2191,4969
2191,4975
2191,4977
2191,4997
2191,5000
2191,5002
2191,5003
2191,5007
2191,5008
2191,5013
2191,5016
2191,5017
2191,5026
2191,5037
2191,5042
2191,5060
2191,5068
2191,5112
2191,5114
2191,5125
2191,5129
2191,5136
2191,5145
2191,5153
2191,5155
2191,5157
2191,5158
2191,5162
2191,5175
2191,5179
2191,5180
2191,5201
2191,5202
2191,5203
2191,5206
2191,5209
2191,5240
2191,5246
2191,5267
2191,5273
2191,5274
2191,5275
2191,5283
2191,5550
2191,5554
2191,5562
2191,5567
2191,5570
2191,5590
2191,5592
2191,5603
2191,5609
2191,5637
2191,5640
2191,5661
2191,5662
2191,5678
2191,5684
2191,5704
2191,5706
2191,5714
2191,5717
2191,5751
2191,5756
2191,5757
2191,5780
2191,5805
2191,5828
2191,5829
2191,5847
2191,5849
2191,5850
2191,5863
2191,5869
2191,5875
2191,5877
2192,5146
2194,3957
2194,5143
2201,2326
2201,2764
2201,3856
2201,3985
2201,4042
2201,4048
2201,4069
2201,4102
2201,4417
2201,4569
2201,4829
2201,4903
2201,4963
2201,5085
2201,5116
2201,5169
2201,5689
2201,5796
2206,4297
2209,4728
2211,4400
2212,4457
2213,2221
2217,3907
2217,4019
2217,4543
2217,5072
2217,5606
2217,5699
2222,4272
2227,4369
2241,4752
2247,5098
2247,5824
2261,2799
2266,4264
2267,2640
2267,2874
2267,4728
2268,2483
2268,2519
2269,2801
2269,2900
2269,3185
2269,3295
2269,3602
2269,5367
2275,3896
2277,4313
2277,4387
2277,4706
2277,5812
2280,4146
2280,4176
2284,4398
2285,4790
2285,4842
2304,4265
2307,2363
2307,2411
2307,2651
2307,5169
2308,4168
2313,2318
2313,2666
2313,3904
2313,4084
2313,4137
2313,4525
2313,4645
2313,4866
2313,5563
2322,4727
2337,2659
2337,2730
2337,3959
2337,3980
2337,4113
2337,4317
2337,4601
2354,4988
2374,2964
2374,3024
2382,4649
2387,4618
2389,4599
2389,5613
2405,4419
2409,4362
2410,5861
2411,4402
2416,4097
2417,4264
2426,2431
2426,2520
2426,3777
2429,2527
2431,2432
2431,2433
2431,2434
2431,2442
2431,2450
2431,2482
2431,2497
2431,2499
2431,2500
2431,2501
2431,2502
2431,2503
2431,2504
2431,2522
2431,2532
2431,2605
2431,3624
2431,3633
2431,3634
2431,3635
2431,3639
2431,3644
2431,3673
2431,3695
2431,3696
2431,3701
2431,3705
2431,3716
2431,3728
2431,3735
2431,3746
2431,3757
2431,3759
2431,3761
2431,3762
2431,3784
2431,3806
2431,3808
2431,3810
2431,3812
2431,3816
2431,3831
2433,2500
2434,2507
2437,3781
2437,3811
2439,2481
2444,2563
2444,2602
2447,2532
2449,5028
2450,2525
2451,3625
2453,2454
2453,2464
2453,2468
2453,2469
2453,2472
2453,2567
2453,2572
2453,2574
2453,3680
2453,3683
2453,3684
2453,3692
2454,2584
2457,2581
2460,2581
2461,3430
2461,3643
2461,3788
2461,4147
2461,4446
2462,2582
2462,3690
2463,3678
2463,3681
2463,3686
2465,2579
2475,2562
2475,2598
2475,3781
2477,2562
2478,3781
2479,3620
2480,3791
2482,2518
2482,3654
2483,2497
2483,2514
2483,2518
2483,2521
2483,2563
2483,3698
2483,3700
2483,3783
2485,3640
2491,3768
2493,3657
2493,3741
2498,3438
2499,2500
2506,5002
2507,2563
2511,2514
2512,2514
2512,2563
2513,2514
2514,2517
2514,2523
2514,2524
2514,2526
2514,2555
2514,2560
2514,2563
2514,2595
2514,2604
2514,2605
2514,3622
2514,3623
2514,3640
2514,3646
2514,3668
2514,3727
2514,3750
2514,3843
2516,4009
2518,2563
2519,3600
2519,3706
2522,2547
2522,3671
2525,2547
2527,3642
2527,3711
2527,3724
2527,4728
2531,3755
2532,2592
2532,2593
2532,3713
2532,3839
2533,3651
2536,3626
2542,5028
2556,2563
2560,2563
2562,2596
2563,3717
2563,3718
2563,3719
2563,3776
2565,2571
2565,3626
2565,3682
2565,4162
2572,2576
2587,3677
2599,5028
2612,4264
2614,4362
2614,5190
2620,4706
2625,2772
2626,4265
2639,4216
2655,4266
2671,4599
2690,4227
2693,2761
2699,4265
2699,4266
2702,2811
2703,5773
2705,4318
2708,4575
2712,3887
2712,4219
2712,4704
2714,4242
2715,4171
2715,4630
2715,4689
2715,5624
2715,5625
2715,5626
2715,5888
2718,2787
2718,4056
2718,4636
2721,2790
2721,3883
2721,4189
2721,4325
2721,4373
2721,4598
2721,4652
2721,4653
2721,4860
2721,5053
2721,5275
2724,4130
2724,5764
2725,2788
2725,2791
2725,4749
2733,4398
2740,5728
2753,4063
2756,4174
2759,3877
2759,5668
2761,3209
2761,4228
2761,4264
2761,4463
2761,5781
2764,4638
2765,4457
2769,4691
2770,4264
2772,4163
2772,5675
2773,4813
2785,3972
2785,5059
2787,3982
2787,4395
2788,4851
2799,5668
2801,2805
2803,2804
2805,3392
2809,5584
2811,2845
2811,4685
2813,4041
2852,2860
2855,5774
2860,4227
2867,4677
2869,5628
2871,4516
2871,4657
2871,5576
2875,4920
2875,5876
2887,3035
2888,3355
2888,3361
2888,3373
2888,3402
2888,3503
2888,3577
2888,5352
2888,5416
2888,5515
2889,3507
2889,4362
2895,3146
2895,3168
2897,5406
2901,2941
2901,2980
2901,3588
2903,4362
2906,5417
2908,3011
2908,3216
2909,3024
2909,3255
2909,3554
2909,5398
2909,5399
2909,5526
2913,3107
2914,5292
2915,3402
2916,2964
2916,2975
2916,2991
2916,3016
2916,3086
2916,3156
2916,3405
2916,3493
2916,5297
2917,3013
2923,3392
2924,3000
2927,3153
2929,3000
2930,3053
2931,3102
2931,3402
2931,3506
2935,3522
2939,3282
2939,3318
2940,3000
2940,3327
2941,2957
2944,2985
2944,3111
2950,5439
2953,3051
2954,3200
2956,3111
2958,5509
2961,4362
2964,2965
2964,2982
2964,3053
2964,3131
2964,3132
2964,3195
2964,3280
2964,3321
2964,3443
2964,3444
2964,3580
2964,4067
2964,5312
2964,5313
2964,5316
2964,5329
2964,5536
2966,3117
2966,3379
2973,3026
2973,3085
2973,3137
2973,5391
2974,3027
2974,3402
2977,3011
2978,2994
2982,3418
2982,3496
2984,3463
2986,3111
2987,3402
2987,5321
2988,3560
2988,4584
2992,3032
2992,3070
2992,3418
2994,3115
2994,3161
2994,3429
2994,3439
2994,4584
2994,5361
2996,4584
3000,3007
3000,3023
3000,3033
3000,3050
3000,3139
3000,3150
3000,3157
3000,3164
3000,3173
3000,3187
3000,3198
3000,3230
3000,3241
3000,3270
3000,3281
3000,3285
3000,3303
3000,3315
3000,3327
3000,3341
3000,3467
3000,3514
3000,3545
3000,5315
3000,5320
3000,5369
3000,5412
3000,5413
3004,3146
3005,3291
3006,5290
3011,3213
3011,3214
3011,3215
3012,5295
3013,3087
3013,5295
3014,3433
3015,3554
3017,4362
3024,3140
3024,3255
3024,5428
3031,3301
3031,3340
3031,3503
3031,3561
3034,3160
3035,3095
3035,3465
3036,4075
3039,3066
3039,3326
3039,3365
3039,4362
3039,5492
3040,3402
3041,3303
3042,4908
3043,3142
3044,3093
3046,5343
3048,3136
3048,3553
3051,3334
3053,5410
3053,5451
3053,5471
3055,3505
3057,3418
3058,4075
3061,3094
3063,3402
3063,3451
3063,3506
3064,3065
3065,3262
3065,3469
3065,4362
3065,4584
3069,3463
3070,3128
3070,3151
3070,3550
3070,3594
3070,5511
3071,3093
3073,3098
3075,3464
3075,4362
3076,3420
3076,3484
3079,5289
3082,3153
3083,4362
3084,3217
3089,4420
3090,4362
3092,3402
3093,3176
3093,5323
3093,5482
3094,3228
3094,3272
3094,5355
3096,3410
3096,3528
3106,3316
3111,3221
3111,3380
3111,3415
3111,3446
3111,3474
3111,5314
3111,5391
3113,3552
3114,3303
3115,4009
3122,5490
3123,3469
3123,4362
3133,3318
3136,4362
3146,3378
3146,3384
3146,5378
3147,3402
3149,4362
3154,3202
3154,3342
3154,3566
3155,3340
3166,3402
3166,5347
3168,3258
3168,3279
3168,3353
3168,3366
3168,3378
3168,3424
3168,3548
3168,3581
3168,5373
3168,5440
3168,5441
3168,5457
3168,5516
3168,5532
3169,4362
3172,4420
3187,3461
3192,3506
3197,3286
3197,3370
3199,3390
3205,3402
3205,3418
3205,5424
3209,4264
3210,3402
3212,5478
3213,3214
3213,3215
3217,3337
3217,3466
3217,3595
3217,5299
3217,5337
3227,3365
3232,3233
3236,3252
3236,4362
3238,3554
3239,3365
3239,3570
3245,3416
3245,3523
3251,4362
3253,3552
3254,3413
3254,4420
3256,3552
3260,3362
3260,3365
3260,3372
3260,3570
3260,4362
3260,5324
3260,5504
3265,3507
3273,3470
3273,5400
3278,3336
3278,3402
3280,3425
3280,3614
3282,3365
3287,5405
3292,5298
3296,3541
3296,5326
3296,5494
3299,5473
3299,5490
3301,3584
3302,4362
3306,4362
3308,3438
3309,3340
3310,3506
3311,4264
3311,5080
3316,3333
3316,3388
3316,3506
3316,3617
3318,3593
3318,4584
3328,5467
3330,5331
3347,3522
3349,3418
3354,5545
3355,5302
3356,3402
3356,3445
3361,5531
3365,3516
3365,3593
3367,3469
3367,4584
3371,4362
3374,5504
3377,3444
3389,4584
3391,3564
3392,3502
3392,3520
3392,3578
3392,5322
3392,5339
3392,5541
3401,3506
3402,3432
3402,3452
3402,3476
3402,3489
3402,3546
3402,3565
3402,3576
3402,3600
3402,3604
3402,5302
3402,5327
3402,5361
3402,5366
3402,5411
3402,5436
3402,5446
3402,5460
3403,4420
3404,5458
3409,3489
3411,4584
3415,3474
3418,3464
3418,5300
3418,5377
3423,3547
3425,5426
3429,4584
3433,5445
3437,3438
3438,3442
3438,3571
3438,3813
3444,3521
3444,5354
3445,3509
3445,3513
3445,5382
3463,3464
3463,3485
3463,3535
3464,5511
3467,5360
3469,3482
3469,3533
3471,4420
3471,5481
3477,4420
3478,4420
3481,5289
3482,3552
3488,5509
3491,3492
3491,5483
3506,5291
3506,5300
3507,4584
3510,4362
3510,5537
3516,4362
3518,5307
3518,5416
3518,5513
3522,5379
3528,3606
3528,4420
3530,5500
3538,4362
3547,3581
3551,5310
3554,3558
3554,5304
3554,5343
3554,5355
3554,5390
3554,5418
3554,5447
3554,5476
3554,5503
3554,5519
3555,4009
3555,5497
3555,5504
3568,5361
3575,4362
3587,4362
3588,5525
3617,5302
3626,3765
3651,3781
3656,3660
3664,3785
3664,3815
3669,4009
3678,3686
3697,5028
3703,3841
3715,3841
3730,5028
3731,5028
3736,5028
3814,4009
3846,4536
3848,4890
3864,4009
3876,3971
3876,4867
3876,5665
3905,4695
3911,3986
3912,3951
3922,5111
3928,5087
3936,4249
3938,3989
3938,4009
3938,4093
3938,4260
3938,4656
3944,4952
3944,5897
3948,4457
3949,3986
3950,3984
3951,4938
3951,4986
3958,3970
3961,4009
3963,4264
3968,4957
3977,4009
3977,4615
3979,4457
3984,4916
3986,4070
3986,4398
3986,4728
3986,5096
3986,5199
3986,5210
3986,5632
3988,4313
3992,4266
3998,4575
4002,5122
4008,4231
4009,4041
4009,4113
4009,4667
4009,4958
4009,5770
4010,4260
4027,4457
4036,4728
4039,4264
4056,4978
4068,4632
4073,5206
4099,4728
4103,5618
4107,4109
4111,5888
4124,4215
4162,4728
4169,4208
4170,5060
4187,4265
4187,5896
4200,4205
4203,4264
4212,5796
4213,4402
4220,4502
4220,4678
4222,4750
4227,4457
4231,4599
4249,4644
4249,4894
4250,5893
4252,4423
4255,4548
4260,4362
4260,5189
4264,4441
4264,4519
4264,4852
4264,4984
4264,5092
4264,5097
4264,5204
4264,5552
4264,5744
4264,5833
4265,4291
4265,4549
4265,4937
4265,4982
4265,4999
4265,5055
4265,5578
4265,5581
4265,5872
4266,4753
4266,5643
4266,5680
4267,5050
4267,5885
4325,5898
4362,5293
4367,4373
4370,4993
4375,4599
4389,5087
4420,5350
4420,5429
4429,4615
4432,4975
4444,5029
4457,5001
4457,5890
4482,4506
4499,5606
4520,5040
4530,4677
4535,5825
4539,4540
4540,5046
4543,4728
4558,5246
4575,4728
4575,4779
4575,4783
4575,4822
4575,4879
4576,4728
4584,5019
4587,5236
4590,5486
4593,5806
4599,5047
4603,4824
4615,4749
4644,4895
4644,5193
4644,5576
4650,4728
4685,4724
4728,5072
4728,5196
4728,5676
4792,4974
4878,5771
4939,5005
4974,5797
4974,5822
4975,5551
5004,5556
5053,5268
5087,5144
5109,5884
5243,5895
5280,5558
5285,5619
5292,5298
5295,5506
5305,5317
5314,5332
5355,5447
5367,5470
5387,5411
5387,5424
5424,5454
5463,5500
5464,5500
5569,5679
5571,5667
5667,5704
5667,5756
